# entry       : 10326 
# subentry    : 003 
# pointer     : XX 
# reaction    : (94-PU-239(N,F),,SIG,,RAW) 
# year        : 1970 
# author      : J.A.Farrell 
# institute   : 1USALAS 
# reference   : (C,70HELSINKI,1,543,197006) 
# facility    : None 
# frame       : Lab
#     E(MeV)          dE(MeV)           xs(mb)           dxs(mb)
      2.02100E-05      0.00000E+00      1.79000E+03      0.00000E+00
      2.04600E-05      0.00000E+00      2.96600E+03      0.00000E+00
      2.06000E-05      0.00000E+00      2.17800E+03      0.00000E+00
      2.06700E-05      0.00000E+00      1.66200E+03      0.00000E+00
      2.09300E-05      0.00000E+00      2.18300E+03      0.00000E+00
      2.11200E-05      0.00000E+00      3.09600E+03      0.00000E+00
      2.13100E-05      0.00000E+00      4.22500E+03      0.00000E+00
      2.14300E-05      0.00000E+00      5.99100E+03      0.00000E+00
      2.15600E-05      0.00000E+00      8.17200E+03      0.00000E+00
      2.16100E-05      0.00000E+00      1.64100E+04      0.00000E+00
      2.16200E-05      0.00000E+00      1.11400E+04      0.00000E+00
      2.17400E-05      0.00000E+00      2.15300E+04      0.00000E+00
      2.18500E-05      0.00000E+00      7.43400E+04      0.00000E+00
      2.18600E-05      0.00000E+00      4.16000E+04      0.00000E+00
      2.19100E-05      0.00000E+00      9.75100E+04      0.00000E+00
      2.19600E-05      0.00000E+00      1.61300E+05      0.00000E+00
      2.20100E-05      0.00000E+00      4.58800E+05      0.00000E+00
      2.20200E-05      0.00000E+00      2.03600E+05      0.00000E+00
      2.21300E-05      0.00000E+00      7.02900E+05      0.00000E+00
      2.23400E-05      0.00000E+00      4.96900E+05      0.00000E+00
      2.23500E-05      0.00000E+00      2.20500E+05      0.00000E+00
      2.24200E-05      0.00000E+00      1.61800E+05      0.00000E+00
      2.24300E-05      0.00000E+00      1.01700E+05      0.00000E+00
      2.24400E-05      0.00000E+00      8.06400E+04      0.00000E+00
      2.25100E-05      0.00000E+00      6.15400E+04      0.00000E+00
      2.25800E-05      0.00000E+00      4.69600E+04      0.00000E+00
      2.25900E-05      0.00000E+00      2.95100E+04      0.00000E+00
      2.26500E-05      0.00000E+00      3.58300E+04      0.00000E+00
      2.27300E-05      0.00000E+00      2.43400E+04      0.00000E+00
      2.28000E-05      0.00000E+00      1.59100E+04      0.00000E+00
      2.28700E-05      0.00000E+00      1.26200E+04      0.00000E+00
      2.30100E-05      0.00000E+00      1.04100E+04      0.00000E+00
      2.31400E-05      0.00000E+00      8.26000E+03      0.00000E+00
      2.32100E-05      0.00000E+00      7.07900E+03      0.00000E+00
      2.33400E-05      0.00000E+00      6.30900E+03      0.00000E+00
      2.35400E-05      0.00000E+00      7.66600E+03      0.00000E+00
      2.36000E-05      0.00000E+00      1.17400E+04      0.00000E+00
      2.36600E-05      0.00000E+00      1.48100E+04      0.00000E+00
      2.37200E-05      0.00000E+00      1.79800E+04      0.00000E+00
      2.38500E-05      0.00000E+00      2.27000E+04      0.00000E+00
      2.39200E-05      0.00000E+00      1.60300E+04      0.00000E+00
      2.39300E-05      0.00000E+00      1.22300E+04      0.00000E+00
      2.40000E-05      0.00000E+00      8.97700E+03      0.00000E+00
      2.40100E-05      0.00000E+00      3.98300E+03      0.00000E+00
      2.40300E-05      0.00000E+00      2.14400E+03      0.00000E+00
      2.40700E-05      0.00000E+00      6.09900E+03      0.00000E+00
      2.41600E-05      0.00000E+00      1.57500E+03      0.00000E+00
      2.41700E-05      0.00000E+00      1.20100E+03      0.00000E+00
      2.42400E-05      0.00000E+00      9.16600E+02      0.00000E+00
      2.44300E-05      0.00000E+00      1.15800E+03      0.00000E+00
      2.45600E-05      0.00000E+00      1.57900E+03      0.00000E+00
      2.48200E-05      0.00000E+00      1.40900E+03      0.00000E+00
      2.50200E-05      0.00000E+00      1.84900E+03      0.00000E+00
      2.51400E-05      0.00000E+00      2.42700E+03      0.00000E+00
      2.52700E-05      0.00000E+00      3.18500E+03      0.00000E+00
      2.54000E-05      0.00000E+00      4.02000E+03      0.00000E+00
      2.54600E-05      0.00000E+00      5.27400E+03      0.00000E+00
      2.55800E-05      0.00000E+00      6.65800E+03      0.00000E+00
      2.56400E-05      0.00000E+00      8.73300E+03      0.00000E+00
      2.57100E-05      0.00000E+00      1.14500E+04      0.00000E+00
      2.57700E-05      0.00000E+00      1.44600E+04      0.00000E+00
      2.58300E-05      0.00000E+00      1.82400E+04      0.00000E+00
      2.58800E-05      0.00000E+00      3.13700E+04      0.00000E+00
      2.58900E-05      0.00000E+00      2.21400E+04      0.00000E+00
      2.59300E-05      0.00000E+00      6.54700E+04      0.00000E+00
      2.59400E-05      0.00000E+00      3.95900E+04      0.00000E+00
      2.59900E-05      0.00000E+00      9.64400E+04      0.00000E+00
      2.60100E-05      0.00000E+00      4.99500E+04      0.00000E+00
      2.60500E-05      0.00000E+00      1.72400E+05      0.00000E+00
      2.61100E-05      0.00000E+00      2.35100E+05      0.00000E+00
      2.61700E-05      0.00000E+00      2.85400E+05      0.00000E+00
      2.62500E-05      0.00000E+00      1.53700E+05      0.00000E+00
      2.63100E-05      0.00000E+00      2.01600E+05      0.00000E+00
      2.63400E-05      0.00000E+00      4.81700E+04      0.00000E+00
      2.63900E-05      0.00000E+00      7.66600E+04      0.00000E+00
      2.64200E-05      0.00000E+00      2.49600E+04      0.00000E+00
      2.64800E-05      0.00000E+00      3.27400E+04      0.00000E+00
      2.65600E-05      0.00000E+00      1.45300E+04      0.00000E+00
      2.65700E-05      0.00000E+00      8.45400E+03      0.00000E+00
      2.66400E-05      0.00000E+00      6.45100E+03      0.00000E+00
      2.67100E-05      0.00000E+00      4.73600E+03      0.00000E+00
      2.67200E-05      0.00000E+00      3.61200E+03      0.00000E+00
      2.67900E-05      0.00000E+00      2.97800E+03      0.00000E+00
      2.69200E-05      0.00000E+00      2.27300E+03      0.00000E+00
      2.70500E-05      0.00000E+00      2.98300E+03      0.00000E+00
      2.71100E-05      0.00000E+00      4.93600E+03      0.00000E+00
      2.71700E-05      0.00000E+00      6.72900E+03      0.00000E+00
      2.72300E-05      0.00000E+00      7.86000E+03      0.00000E+00
      2.73700E-05      0.00000E+00      3.92000E+03      0.00000E+00
      2.73800E-05      0.00000E+00      2.87600E+03      0.00000E+00
      2.73900E-05      0.00000E+00      2.19400E+03      0.00000E+00
      2.74600E-05      0.00000E+00      1.38000E+03      0.00000E+00
      2.76000E-05      0.00000E+00      1.13800E+03      0.00000E+00
      2.77400E-05      0.00000E+00      7.73400E+02      0.00000E+00
      2.80000E-05      0.00000E+00      8.37200E+02      0.00000E+00
      2.80700E-05      0.00000E+00      6.90200E+02      0.00000E+00
      2.83300E-05      0.00000E+00      8.07200E+02      0.00000E+00
      2.84500E-05      0.00000E+00      1.01900E+03      0.00000E+00
      2.86400E-05      0.00000E+00      1.50300E+03      0.00000E+00
      2.86500E-05      0.00000E+00      1.23800E+03      0.00000E+00
      2.89100E-05      0.00000E+00      1.19300E+03      0.00000E+00
      2.91100E-05      0.00000E+00      9.84800E+02      0.00000E+00
      2.92500E-05      0.00000E+00      8.44300E+02      0.00000E+00
      2.95100E-05      0.00000E+00      8.79200E+02      0.00000E+00
      2.95200E-05      0.00000E+00      7.24500E+02      0.00000E+00
      2.96500E-05      0.00000E+00      5.53100E+02      0.00000E+00
      2.96600E-05      0.00000E+00      4.05800E+02      0.00000E+00
      2.99200E-05      0.00000E+00      5.54100E+02      0.00000E+00
      3.00500E-05      0.00000E+00      5.13300E+02      0.00000E+00
      3.02500E-05      0.00000E+00      4.94500E+02      0.00000E+00
      3.03800E-05      0.00000E+00      5.34700E+02      0.00000E+00
      3.05100E-05      0.00000E+00      6.01100E+02      0.00000E+00
      3.05700E-05      0.00000E+00      7.02000E+02      0.00000E+00
      3.07000E-05      0.00000E+00      9.21200E+02      0.00000E+00
      3.07600E-05      0.00000E+00      1.16300E+03      0.00000E+00
      3.08900E-05      0.00000E+00      1.41200E+03      0.00000E+00
      3.10200E-05      0.00000E+00      1.21100E+03      0.00000E+00
      3.11600E-05      0.00000E+00      1.03800E+03      0.00000E+00
      3.13500E-05      0.00000E+00      1.21300E+03      0.00000E+00
      3.14800E-05      0.00000E+00      1.47400E+03      0.00000E+00
      3.15400E-05      0.00000E+00      1.78900E+03      0.00000E+00
      3.16000E-05      0.00000E+00      2.17200E+03      0.00000E+00
      3.16700E-05      0.00000E+00      2.63600E+03      0.00000E+00
      3.17300E-05      0.00000E+00      3.20100E+03      0.00000E+00
      3.17700E-05      0.00000E+00      8.42500E+03      0.00000E+00
      3.17800E-05      0.00000E+00      6.67900E+03      0.00000E+00
      3.18300E-05      0.00000E+00      1.10500E+04      0.00000E+00
      3.19000E-05      0.00000E+00      1.39500E+04      0.00000E+00
      3.19600E-05      0.00000E+00      1.97600E+04      0.00000E+00
      3.20100E-05      0.00000E+00      3.81700E+04      0.00000E+00
      3.20700E-05      0.00000E+00      5.00700E+04      0.00000E+00
      3.22100E-05      0.00000E+00      3.97300E+04      0.00000E+00
      3.22800E-05      0.00000E+00      3.15100E+04      0.00000E+00
      3.23600E-05      0.00000E+00      1.51100E+04      0.00000E+00
      3.24300E-05      0.00000E+00      1.24600E+04      0.00000E+00
      3.25000E-05      0.00000E+00      9.14800E+03      0.00000E+00
      3.25100E-05      0.00000E+00      4.55800E+03      0.00000E+00
      3.26500E-05      0.00000E+00      3.22100E+03      0.00000E+00
      3.27900E-05      0.00000E+00      2.55600E+03      0.00000E+00
      3.28500E-05      0.00000E+00      2.19000E+03      0.00000E+00
      3.29200E-05      0.00000E+00      1.80600E+03      0.00000E+00
      3.30000E-05      0.00000E+00      1.43200E+03      0.00000E+00
      3.32000E-05      0.00000E+00      1.22800E+03      0.00000E+00
      3.34600E-05      0.00000E+00      1.13900E+03      0.00000E+00
      3.35900E-05      0.00000E+00      1.01500E+03      0.00000E+00
      3.38600E-05      0.00000E+00      1.01700E+03      0.00000E+00
      3.39900E-05      0.00000E+00      8.71900E+02      0.00000E+00
      3.41200E-05      0.00000E+00      1.01900E+03      0.00000E+00
      3.42500E-05      0.00000E+00      1.19000E+03      0.00000E+00
      3.43200E-05      0.00000E+00      1.06000E+03      0.00000E+00
      3.45800E-05      0.00000E+00      9.45800E+02      0.00000E+00
      3.48400E-05      0.00000E+00      1.15000E+03      0.00000E+00
      3.49100E-05      0.00000E+00      1.34300E+03      0.00000E+00
      3.49600E-05      0.00000E+00      2.05600E+03      0.00000E+00
      3.49700E-05      0.00000E+00      1.45200E+03      0.00000E+00
      3.50800E-05      0.00000E+00      4.46200E+03      0.00000E+00
      3.50900E-05      0.00000E+00      3.03100E+03      0.00000E+00
      3.51400E-05      0.00000E+00      5.85300E+03      0.00000E+00
      3.52700E-05      0.00000E+00      7.10900E+03      0.00000E+00
      3.53400E-05      0.00000E+00      5.21900E+03      0.00000E+00
      3.54100E-05      0.00000E+00      3.98200E+03      0.00000E+00
      3.54900E-05      0.00000E+00      2.40900E+03      0.00000E+00
      3.55000E-05      0.00000E+00      1.29700E+03      0.00000E+00
      3.55100E-05      0.00000E+00      9.89300E+02      0.00000E+00
      3.55800E-05      0.00000E+00      7.54900E+02      0.00000E+00
      3.59100E-05      0.00000E+00      7.00200E+02      0.00000E+00
      3.62400E-05      0.00000E+00      7.01800E+02      0.00000E+00
      3.65000E-05      0.00000E+00      7.89600E+02      0.00000E+00
      3.67000E-05      0.00000E+00      6.77300E+02      0.00000E+00
      3.69600E-05      0.00000E+00      8.55800E+02      0.00000E+00
      3.71600E-05      0.00000E+00      7.06200E+02      0.00000E+00
      3.72900E-05      0.00000E+00      7.93800E+02      0.00000E+00
      3.74900E-05      0.00000E+00      6.55100E+02      0.00000E+00
      3.76800E-05      0.00000E+00      8.27300E+02      0.00000E+00
      3.79500E-05      0.00000E+00      9.30900E+02      0.00000E+00
      3.81400E-05      0.00000E+00      1.13100E+03      0.00000E+00
      3.82800E-05      0.00000E+00      8.63500E+02      0.00000E+00
      3.84800E-05      0.00000E+00      7.40600E+02      0.00000E+00
      3.87400E-05      0.00000E+00      8.33300E+02      0.00000E+00
      3.89300E-05      0.00000E+00      9.74100E+02      0.00000E+00
      3.91300E-05      0.00000E+00      1.05400E+03      0.00000E+00
      3.93300E-05      0.00000E+00      9.76700E+02      0.00000E+00
      3.94600E-05      0.00000E+00      9.04800E+02      0.00000E+00
      3.96600E-05      0.00000E+00      1.14300E+03      0.00000E+00
      3.98500E-05      0.00000E+00      1.28500E+03      0.00000E+00
      4.00500E-05      0.00000E+00      1.33800E+03      0.00000E+00
      4.02400E-05      0.00000E+00      1.39200E+03      0.00000E+00
      4.03700E-05      0.00000E+00      1.97400E+03      0.00000E+00
      4.03700E-05      0.00000E+00      1.62700E+03      0.00000E+00
      4.05000E-05      0.00000E+00      2.30700E+03      0.00000E+00
      4.05600E-05      0.00000E+00      2.69400E+03      0.00000E+00
      4.06900E-05      0.00000E+00      3.14800E+03      0.00000E+00
      4.07500E-05      0.00000E+00      3.82100E+03      0.00000E+00
      4.08100E-05      0.00000E+00      5.01200E+03      0.00000E+00
      4.08700E-05      0.00000E+00      6.08500E+03      0.00000E+00
      4.09300E-05      0.00000E+00      8.62400E+03      0.00000E+00
      4.09800E-05      0.00000E+00      2.02100E+04      0.00000E+00
      4.09900E-05      0.00000E+00      1.32100E+04      0.00000E+00
      4.11000E-05      0.00000E+00      3.47800E+04      0.00000E+00
      4.11600E-05      0.00000E+00      5.75400E+04      0.00000E+00
      4.12100E-05      0.00000E+00      1.02900E+05      0.00000E+00
      4.12200E-05      0.00000E+00      8.47600E+04      0.00000E+00
      4.13400E-05      0.00000E+00      1.29900E+05      0.00000E+00
      4.14700E-05      0.00000E+00      1.30000E+05      0.00000E+00
      4.16100E-05      0.00000E+00      1.20400E+05      0.00000E+00
      4.16800E-05      0.00000E+00      9.54900E+04      0.00000E+00
      4.17500E-05      0.00000E+00      6.00500E+04      0.00000E+00
      4.18300E-05      0.00000E+00      3.23400E+04      0.00000E+00
      4.18400E-05      0.00000E+00      1.67500E+04      0.00000E+00
      4.19200E-05      0.00000E+00      9.75100E+03      0.00000E+00
      4.19300E-05      0.00000E+00      5.67200E+03      0.00000E+00
      4.20700E-05      0.00000E+00      3.85600E+03      0.00000E+00
      4.20800E-05      0.00000E+00      2.82900E+03      0.00000E+00
      4.21500E-05      0.00000E+00      2.15900E+03      0.00000E+00
      4.22200E-05      0.00000E+00      1.71200E+03      0.00000E+00
      4.22900E-05      0.00000E+00      1.35800E+03      0.00000E+00
      4.24900E-05      0.00000E+00      1.21100E+03      0.00000E+00
      4.26900E-05      0.00000E+00      9.99200E+02      0.00000E+00
      4.30200E-05      0.00000E+00      1.08200E+03      0.00000E+00
      4.32800E-05      0.00000E+00      1.26500E+03      0.00000E+00
      4.34700E-05      0.00000E+00      1.53800E+03      0.00000E+00
      4.36000E-05      0.00000E+00      1.72800E+03      0.00000E+00
      4.36600E-05      0.00000E+00      2.44900E+03      0.00000E+00
      4.37200E-05      0.00000E+00      3.09100E+03      0.00000E+00
      4.38500E-05      0.00000E+00      4.38300E+03      0.00000E+00
      4.39000E-05      0.00000E+00      6.71100E+03      0.00000E+00
      4.39600E-05      0.00000E+00      8.80300E+03      0.00000E+00
      4.40200E-05      0.00000E+00      1.57400E+04      0.00000E+00
      4.40800E-05      0.00000E+00      2.41000E+04      0.00000E+00
      4.41300E-05      0.00000E+00      3.83500E+04      0.00000E+00
      4.41800E-05      0.00000E+00      8.32000E+04      0.00000E+00
      4.41900E-05      0.00000E+00      6.34600E+04      0.00000E+00
      4.43800E-05      0.00000E+00      1.01100E+05      0.00000E+00
      4.44500E-05      0.00000E+00      6.86800E+04      0.00000E+00
      4.45300E-05      0.00000E+00      4.15500E+04      0.00000E+00
      4.46100E-05      0.00000E+00      1.99300E+04      0.00000E+00
      4.46900E-05      0.00000E+00      8.18700E+03      0.00000E+00
      4.47000E-05      0.00000E+00      4.76300E+03      0.00000E+00
      4.47800E-05      0.00000E+00      2.88100E+03      0.00000E+00
      4.49100E-05      0.00000E+00      2.28600E+03      0.00000E+00
      4.50500E-05      0.00000E+00      1.81400E+03      0.00000E+00
      4.53200E-05      0.00000E+00      1.61800E+03      0.00000E+00
      4.55100E-05      0.00000E+00      1.89200E+03      0.00000E+00
      4.57700E-05      0.00000E+00      2.21200E+03      0.00000E+00
      4.59000E-05      0.00000E+00      2.68700E+03      0.00000E+00
      4.60300E-05      0.00000E+00      3.26400E+03      0.00000E+00
      4.60900E-05      0.00000E+00      4.11800E+03      0.00000E+00
      4.62800E-05      0.00000E+00      5.20100E+03      0.00000E+00
      4.64100E-05      0.00000E+00      6.31700E+03      0.00000E+00
      4.66000E-05      0.00000E+00      8.29400E+03      0.00000E+00
      4.66600E-05      0.00000E+00      9.68700E+03      0.00000E+00
      4.67200E-05      0.00000E+00      1.37300E+04      0.00000E+00
      4.67300E-05      0.00000E+00      1.13100E+04      0.00000E+00
      4.68500E-05      0.00000E+00      1.66700E+04      0.00000E+00
      4.69800E-05      0.00000E+00      2.27400E+04      0.00000E+00
      4.70300E-05      0.00000E+00      4.56600E+04      0.00000E+00
      4.70400E-05      0.00000E+00      2.87000E+04      0.00000E+00
      4.70900E-05      0.00000E+00      6.22600E+04      0.00000E+00
      4.71400E-05      0.00000E+00      1.15700E+05      0.00000E+00
      4.71500E-05      0.00000E+00      8.48900E+04      0.00000E+00
      4.74000E-05      0.00000E+00      1.57900E+05      0.00000E+00
      4.75300E-05      0.00000E+00      1.46300E+05      0.00000E+00
      4.76700E-05      0.00000E+00      1.07500E+05      0.00000E+00
      4.77400E-05      0.00000E+00      7.88800E+04      0.00000E+00
      4.78200E-05      0.00000E+00      5.57100E+04      0.00000E+00
      4.78900E-05      0.00000E+00      4.08900E+04      0.00000E+00
      4.78900E-05      0.00000E+00      3.37000E+04      0.00000E+00
      4.80300E-05      0.00000E+00      2.20400E+04      0.00000E+00
      4.82300E-05      0.00000E+00      1.96500E+04      0.00000E+00
      4.84300E-05      0.00000E+00      1.62100E+04      0.00000E+00
      4.86900E-05      0.00000E+00      1.89600E+04      0.00000E+00
      4.88200E-05      0.00000E+00      2.30300E+04      0.00000E+00
      4.89500E-05      0.00000E+00      2.79700E+04      0.00000E+00
      4.90100E-05      0.00000E+00      3.39600E+04      0.00000E+00
      4.91300E-05      0.00000E+00      5.62100E+04      0.00000E+00
      4.91400E-05      0.00000E+00      4.28700E+04      0.00000E+00
      4.93300E-05      0.00000E+00      6.32100E+04      0.00000E+00
      4.94600E-05      0.00000E+00      7.38600E+04      0.00000E+00
      4.95900E-05      0.00000E+00      8.97000E+04      0.00000E+00
      4.96500E-05      0.00000E+00      1.04800E+05      0.00000E+00
      4.98400E-05      0.00000E+00      1.22500E+05      0.00000E+00
      4.99100E-05      0.00000E+00      1.37600E+05      0.00000E+00
      4.99800E-05      0.00000E+00      1.09100E+05      0.00000E+00
      5.01200E-05      0.00000E+00      6.86600E+04      0.00000E+00
      5.01300E-05      0.00000E+00      3.84300E+04      0.00000E+00
      5.02700E-05      0.00000E+00      2.32600E+04      0.00000E+00
      5.03400E-05      0.00000E+00      1.77500E+04      0.00000E+00
      5.04100E-05      0.00000E+00      1.40800E+04      0.00000E+00
      5.04800E-05      0.00000E+00      1.11600E+04      0.00000E+00
      5.06800E-05      0.00000E+00      9.57600E+03      0.00000E+00
      5.08200E-05      0.00000E+00      8.87100E+03      0.00000E+00
      5.10200E-05      0.00000E+00      7.90900E+03      0.00000E+00
      5.10900E-05      0.00000E+00      6.77800E+03      0.00000E+00
      5.14200E-05      0.00000E+00      6.53500E+03      0.00000E+00
      5.15500E-05      0.00000E+00      7.63600E+03      0.00000E+00
      5.16700E-05      0.00000E+00      1.17000E+04      0.00000E+00
      5.16800E-05      0.00000E+00      8.25800E+03      0.00000E+00
      5.18600E-05      0.00000E+00      1.59600E+04      0.00000E+00
      5.19800E-05      0.00000E+00      2.35300E+04      0.00000E+00
      5.20400E-05      0.00000E+00      3.46600E+04      0.00000E+00
      5.20900E-05      0.00000E+00      7.51900E+04      0.00000E+00
      5.21000E-05      0.00000E+00      4.72600E+04      0.00000E+00
      5.22200E-05      0.00000E+00      1.10800E+05      0.00000E+00
      5.24700E-05      0.00000E+00      1.69900E+05      0.00000E+00
      5.25400E-05      0.00000E+00      1.24700E+05      0.00000E+00
      5.25600E-05      0.00000E+00      6.46100E+04      0.00000E+00
      5.26300E-05      0.00000E+00      4.56300E+04      0.00000E+00
      5.27800E-05      0.00000E+00      2.02600E+04      0.00000E+00
      5.27900E-05      0.00000E+00      1.13400E+04      0.00000E+00
      5.29300E-05      0.00000E+00      7.70800E+03      0.00000E+00
      5.30000E-05      0.00000E+00      5.88200E+03      0.00000E+00
      5.31400E-05      0.00000E+00      4.66700E+03      0.00000E+00
      5.33400E-05      0.00000E+00      4.16100E+03      0.00000E+00
      5.36000E-05      0.00000E+00      3.85800E+03      0.00000E+00
      5.39300E-05      0.00000E+00      3.72000E+03      0.00000E+00
      5.42600E-05      0.00000E+00      3.72800E+03      0.00000E+00
      5.43900E-05      0.00000E+00      4.52800E+03      0.00000E+00
      5.45200E-05      0.00000E+00      5.29100E+03      0.00000E+00
      5.46500E-05      0.00000E+00      6.18200E+03      0.00000E+00
      5.47100E-05      0.00000E+00      8.10900E+03      0.00000E+00
      5.48300E-05      0.00000E+00      1.02400E+04      0.00000E+00
      5.48900E-05      0.00000E+00      1.50800E+04      0.00000E+00
      5.50200E-05      0.00000E+00      2.05700E+04      0.00000E+00
      5.50800E-05      0.00000E+00      2.80500E+04      0.00000E+00
      5.51400E-05      0.00000E+00      4.13200E+04      0.00000E+00
      5.52600E-05      0.00000E+00      6.09000E+04      0.00000E+00
      5.53900E-05      0.00000E+00      7.68800E+04      0.00000E+00
      5.55900E-05      0.00000E+00      6.10400E+04      0.00000E+00
      5.56700E-05      0.00000E+00      3.28800E+04      0.00000E+00
      5.57400E-05      0.00000E+00      1.91300E+04      0.00000E+00
      5.59400E-05      0.00000E+00      1.84300E+04      0.00000E+00
      5.60700E-05      0.00000E+00      2.15400E+04      0.00000E+00
      5.61300E-05      0.00000E+00      2.61500E+04      0.00000E+00
      5.62600E-05      0.00000E+00      3.43100E+04      0.00000E+00
      5.63200E-05      0.00000E+00      4.16500E+04      0.00000E+00
      5.64500E-05      0.00000E+00      5.05900E+04      0.00000E+00
      5.65100E-05      0.00000E+00      6.89800E+04      0.00000E+00
      5.65700E-05      0.00000E+00      8.70400E+04      0.00000E+00
      5.67000E-05      0.00000E+00      1.14200E+05      0.00000E+00
      5.67600E-05      0.00000E+00      1.49800E+05      0.00000E+00
      5.68900E-05      0.00000E+00      1.75100E+05      0.00000E+00
      5.70200E-05      0.00000E+00      2.04600E+05      0.00000E+00
      5.70800E-05      0.00000E+00      2.48300E+05      0.00000E+00
      5.73400E-05      0.00000E+00      2.68800E+05      0.00000E+00
      5.75400E-05      0.00000E+00      2.49100E+05      0.00000E+00
      5.76100E-05      0.00000E+00      2.05400E+05      0.00000E+00
      5.78100E-05      0.00000E+00      1.56900E+05      0.00000E+00
      5.80800E-05      0.00000E+00      1.39900E+05      0.00000E+00
      5.83400E-05      0.00000E+00      1.40200E+05      0.00000E+00
      5.84700E-05      0.00000E+00      1.57600E+05      0.00000E+00
      5.85300E-05      0.00000E+00      1.84000E+05      0.00000E+00
      5.86600E-05      0.00000E+00      2.06900E+05      0.00000E+00
      5.87900E-05      0.00000E+00      2.82200E+05      0.00000E+00
      5.89800E-05      0.00000E+00      3.29800E+05      0.00000E+00
      5.91200E-05      0.00000E+00      2.72100E+05      0.00000E+00
      5.92700E-05      0.00000E+00      1.16200E+05      0.00000E+00
      5.93200E-05      0.00000E+00      1.85000E+05      0.00000E+00
      5.94100E-05      0.00000E+00      7.90100E+04      0.00000E+00
      5.97400E-05      0.00000E+00      6.27800E+04      0.00000E+00
      6.00700E-05      0.00000E+00      6.04300E+04      0.00000E+00
      6.02700E-05      0.00000E+00      5.58800E+04      0.00000E+00
      6.06000E-05      0.00000E+00      5.58100E+04      0.00000E+00
      6.07300E-05      0.00000E+00      5.16300E+04      0.00000E+00
      6.09300E-05      0.00000E+00      5.15900E+04      0.00000E+00
      6.11200E-05      0.00000E+00      4.95900E+04      0.00000E+00
      6.13200E-05      0.00000E+00      4.76700E+04      0.00000E+00
      6.15900E-05      0.00000E+00      4.58200E+04      0.00000E+00
      6.18500E-05      0.00000E+00      4.40300E+04      0.00000E+00
      6.19800E-05      0.00000E+00      4.40100E+04      0.00000E+00
      6.22400E-05      0.00000E+00      4.39700E+04      0.00000E+00
      6.25100E-05      0.00000E+00      4.74600E+04      0.00000E+00
      6.26400E-05      0.00000E+00      5.53700E+04      0.00000E+00
      6.28400E-05      0.00000E+00      6.21400E+04      0.00000E+00
      6.29700E-05      0.00000E+00      7.25100E+04      0.00000E+00
      6.31700E-05      0.00000E+00      5.74400E+04      0.00000E+00
      6.32300E-05      0.00000E+00      4.38000E+04      0.00000E+00
      6.33600E-05      0.00000E+00      3.21200E+04      0.00000E+00
      6.34900E-05      0.00000E+00      2.85900E+04      0.00000E+00
      6.36200E-05      0.00000E+00      2.54400E+04      0.00000E+00
      6.37500E-05      0.00000E+00      2.35300E+04      0.00000E+00
      6.39500E-05      0.00000E+00      2.17600E+04      0.00000E+00
      6.40800E-05      0.00000E+00      2.09300E+04      0.00000E+00
      6.42800E-05      0.00000E+00      2.17400E+04      0.00000E+00
      6.44800E-05      0.00000E+00      2.84800E+04      0.00000E+00
      6.46100E-05      0.00000E+00      3.32300E+04      0.00000E+00
      6.47500E-05      0.00000E+00      4.89000E+04      0.00000E+00
      6.48800E-05      0.00000E+00      6.66100E+04      0.00000E+00
      6.49600E-05      0.00000E+00      1.10100E+05      0.00000E+00
      6.50300E-05      0.00000E+00      1.62100E+05      0.00000E+00
      6.52300E-05      0.00000E+00      2.04300E+05      0.00000E+00
      6.53600E-05      0.00000E+00      2.89300E+05      0.00000E+00
      6.54300E-05      0.00000E+00      3.79200E+05      0.00000E+00
      6.55600E-05      0.00000E+00      4.42500E+05      0.00000E+00
      6.56900E-05      0.00000E+00      3.64500E+05      0.00000E+00
      6.58200E-05      0.00000E+00      2.77800E+05      0.00000E+00
      6.59500E-05      0.00000E+00      1.49500E+05      0.00000E+00
      6.60700E-05      0.00000E+00      8.04600E+04      0.00000E+00
      6.61300E-05      0.00000E+00      5.46300E+04      0.00000E+00
      6.64000E-05      0.00000E+00      4.49700E+04      0.00000E+00
      6.65300E-05      0.00000E+00      3.85000E+04      0.00000E+00
      6.66600E-05      0.00000E+00      3.42700E+04      0.00000E+00
      6.67900E-05      0.00000E+00      3.05000E+04      0.00000E+00
      6.69800E-05      0.00000E+00      2.61000E+04      0.00000E+00
      6.71800E-05      0.00000E+00      2.23400E+04      0.00000E+00
      6.73100E-05      0.00000E+00      2.06700E+04      0.00000E+00
      6.75700E-05      0.00000E+00      1.91100E+04      0.00000E+00
      6.78300E-05      0.00000E+00      1.76700E+04      0.00000E+00
      6.79600E-05      0.00000E+00      1.45500E+04      0.00000E+00
      6.81600E-05      0.00000E+00      1.45400E+04      0.00000E+00
      6.84200E-05      0.00000E+00      1.34500E+04      0.00000E+00
      6.86900E-05      0.00000E+00      1.24300E+04      0.00000E+00
      6.88800E-05      0.00000E+00      1.15000E+04      0.00000E+00
      6.90800E-05      0.00000E+00      1.10500E+04      0.00000E+00
      6.93400E-05      0.00000E+00      1.02200E+04      0.00000E+00
      6.96100E-05      0.00000E+00      8.74400E+03      0.00000E+00
      6.98700E-05      0.00000E+00      8.73500E+03      0.00000E+00
      7.01300E-05      0.00000E+00      8.72600E+03      0.00000E+00
      7.04000E-05      0.00000E+00      8.38700E+03      0.00000E+00
      7.05900E-05      0.00000E+00      8.38000E+03      0.00000E+00
      7.09200E-05      0.00000E+00      8.05200E+03      0.00000E+00
      7.11900E-05      0.00000E+00      9.03400E+03      0.00000E+00
      7.15800E-05      0.00000E+00      9.37600E+03      0.00000E+00
      7.19100E-05      0.00000E+00      1.05200E+04      0.00000E+00
      7.21800E-05      0.00000E+00      1.18000E+04      0.00000E+00
      7.23100E-05      0.00000E+00      1.37700E+04      0.00000E+00
      7.25100E-05      0.00000E+00      1.60600E+04      0.00000E+00
      7.26500E-05      0.00000E+00      2.02500E+04      0.00000E+00
      7.28500E-05      0.00000E+00      2.36200E+04      0.00000E+00
      7.29800E-05      0.00000E+00      2.86400E+04      0.00000E+00
      7.31100E-05      0.00000E+00      3.61100E+04      0.00000E+00
      7.32500E-05      0.00000E+00      4.91900E+04      0.00000E+00
      7.33200E-05      0.00000E+00      6.20300E+04      0.00000E+00
      7.35900E-05      0.00000E+00      1.06500E+05      0.00000E+00
      7.37200E-05      0.00000E+00      1.50800E+05      0.00000E+00
      7.37900E-05      0.00000E+00      1.90200E+05      0.00000E+00
      7.37900E-05      0.00000E+00      1.90200E+05      0.00000E+00
      7.40600E-05      0.00000E+00      1.97500E+05      0.00000E+00
      7.41900E-05      0.00000E+00      2.58800E+05      0.00000E+00
      7.43300E-05      0.00000E+00      3.95900E+05      0.00000E+00
      7.44600E-05      0.00000E+00      6.29500E+05      0.00000E+00
      7.46700E-05      0.00000E+00      8.24700E+05      0.00000E+00
      7.49300E-05      0.00000E+00      7.05700E+05      0.00000E+00
      7.49900E-05      0.00000E+00      7.05500E+05      0.00000E+00
      7.51700E-05      0.00000E+00      1.28500E+05      0.00000E+00
      7.52900E-05      0.00000E+00      5.48100E+04      0.00000E+00
      7.54200E-05      0.00000E+00      4.02000E+04      0.00000E+00
      7.55500E-05      0.00000E+00      3.06400E+04      0.00000E+00
      7.57500E-05      0.00000E+00      2.24700E+04      0.00000E+00
      7.58700E-05      0.00000E+00      1.78000E+04      0.00000E+00
      7.60700E-05      0.00000E+00      1.41000E+04      0.00000E+00
      7.62600E-05      0.00000E+00      1.16100E+04      0.00000E+00
      7.63300E-05      0.00000E+00      9.94600E+03      0.00000E+00
      7.65200E-05      0.00000E+00      8.51300E+03      0.00000E+00
      7.68500E-05      0.00000E+00      7.57000E+03      0.00000E+00
      7.69800E-05      0.00000E+00      6.48200E+03      0.00000E+00
      7.72500E-05      0.00000E+00      5.76500E+03      0.00000E+00
      7.74400E-05      0.00000E+00      5.12900E+03      0.00000E+00
      7.76400E-05      0.00000E+00      4.39100E+03      0.00000E+00
      7.79000E-05      0.00000E+00      3.90500E+03      0.00000E+00
      7.81600E-05      0.00000E+00      3.75300E+03      0.00000E+00
      7.85600E-05      0.00000E+00      3.74800E+03      0.00000E+00
      7.88200E-05      0.00000E+00      4.20500E+03      0.00000E+00
      7.91500E-05      0.00000E+00      4.36500E+03      0.00000E+00
      7.93500E-05      0.00000E+00      5.09200E+03      0.00000E+00
      7.95500E-05      0.00000E+00      6.41700E+03      0.00000E+00
      7.96900E-05      0.00000E+00      8.09000E+03      0.00000E+00
      7.98200E-05      0.00000E+00      1.06000E+04      0.00000E+00
      7.99600E-05      0.00000E+00      1.33700E+04      0.00000E+00
      8.00900E-05      0.00000E+00      1.68500E+04      0.00000E+00
      8.02300E-05      0.00000E+00      2.20800E+04      0.00000E+00
      8.03600E-05      0.00000E+00      2.89400E+04      0.00000E+00
      8.06300E-05      0.00000E+00      3.79000E+04      0.00000E+00
      8.08300E-05      0.00000E+00      4.59500E+04      0.00000E+00
      8.10300E-05      0.00000E+00      5.36000E+04      0.00000E+00
      8.13600E-05      0.00000E+00      6.49600E+04      0.00000E+00
      8.16200E-05      0.00000E+00      6.49000E+04      0.00000E+00
      8.18900E-05      0.00000E+00      7.00500E+04      0.00000E+00
      8.22800E-05      0.00000E+00      7.27000E+04      0.00000E+00
      8.26800E-05      0.00000E+00      7.84300E+04      0.00000E+00
      8.30100E-05      0.00000E+00      7.83300E+04      0.00000E+00
      8.31400E-05      0.00000E+00      9.50000E+04      0.00000E+00
      8.34700E-05      0.00000E+00      1.02500E+05      0.00000E+00
      8.38000E-05      0.00000E+00      1.15000E+05      0.00000E+00
      8.39400E-05      0.00000E+00      1.39500E+05      0.00000E+00
      8.41400E-05      0.00000E+00      1.50600E+05      0.00000E+00
      8.42700E-05      0.00000E+00      1.69000E+05      0.00000E+00
      8.45300E-05      0.00000E+00      1.89600E+05      0.00000E+00
      8.48000E-05      0.00000E+00      1.96900E+05      0.00000E+00
      8.49300E-05      0.00000E+00      2.48200E+05      0.00000E+00
      8.52600E-05      0.00000E+00      2.47900E+05      0.00000E+00
      8.54600E-05      0.00000E+00      2.20600E+05      0.00000E+00
      8.56500E-05      0.00000E+00      1.74700E+05      0.00000E+00
      8.57800E-05      0.00000E+00      1.38500E+05      0.00000E+00
      8.60400E-05      0.00000E+00      1.01500E+05      0.00000E+00
      8.62400E-05      0.00000E+00      9.03100E+04      0.00000E+00
      8.63700E-05      0.00000E+00      6.88400E+04      0.00000E+00
      8.67000E-05      0.00000E+00      6.12200E+04      0.00000E+00
      8.69600E-05      0.00000E+00      5.23900E+04      0.00000E+00
      8.70900E-05      0.00000E+00      4.48500E+04      0.00000E+00
      8.72800E-05      0.00000E+00      3.83900E+04      0.00000E+00
      8.74800E-05      0.00000E+00      3.41600E+04      0.00000E+00
      8.76800E-05      0.00000E+00      2.92400E+04      0.00000E+00
      8.79400E-05      0.00000E+00      2.70300E+04      0.00000E+00
      8.81300E-05      0.00000E+00      2.31400E+04      0.00000E+00
      8.83300E-05      0.00000E+00      1.98100E+04      0.00000E+00
      8.86600E-05      0.00000E+00      1.90300E+04      0.00000E+00
      8.89900E-05      0.00000E+00      1.82800E+04      0.00000E+00
      8.92500E-05      0.00000E+00      2.05100E+04      0.00000E+00
      8.94500E-05      0.00000E+00      2.30200E+04      0.00000E+00
      8.96500E-05      0.00000E+00      2.58300E+04      0.00000E+00
      8.98500E-05      0.00000E+00      3.25600E+04      0.00000E+00
      9.00500E-05      0.00000E+00      4.26600E+04      0.00000E+00
      9.02500E-05      0.00000E+00      6.27700E+04      0.00000E+00
      9.03900E-05      0.00000E+00      9.23700E+04      0.00000E+00
      9.06500E-05      0.00000E+00      7.31600E+04      0.00000E+00
      9.08400E-05      0.00000E+00      3.78700E+04      0.00000E+00
      9.11000E-05      0.00000E+00      2.37800E+04      0.00000E+00
      9.12900E-05      0.00000E+00      1.61400E+04      0.00000E+00
      9.14900E-05      0.00000E+00      1.32900E+04      0.00000E+00
      9.17500E-05      0.00000E+00      1.49100E+04      0.00000E+00
      9.20200E-05      0.00000E+00      1.48900E+04      0.00000E+00
      9.22100E-05      0.00000E+00      1.48800E+04      0.00000E+00
      9.24800E-05      0.00000E+00      1.60600E+04      0.00000E+00
      9.25500E-05      0.00000E+00      1.87500E+04      0.00000E+00
      9.28100E-05      0.00000E+00      1.94600E+04      0.00000E+00
      9.30700E-05      0.00000E+00      1.94500E+04      0.00000E+00
      9.33400E-05      0.00000E+00      1.79800E+04      0.00000E+00
      9.36000E-05      0.00000E+00      2.01700E+04      0.00000E+00
      9.38700E-05      0.00000E+00      2.44500E+04      0.00000E+00
      9.42000E-05      0.00000E+00      2.74300E+04      0.00000E+00
      9.44000E-05      0.00000E+00      3.19900E+04      0.00000E+00
      9.46000E-05      0.00000E+00      3.73200E+04      0.00000E+00
      9.47300E-05      0.00000E+00      4.89100E+04      0.00000E+00
      9.49300E-05      0.00000E+00      5.93000E+04      0.00000E+00
      9.51300E-05      0.00000E+00      6.65500E+04      0.00000E+00
      9.54000E-05      0.00000E+00      7.18300E+04      0.00000E+00
      9.55300E-05      0.00000E+00      6.15000E+04      0.00000E+00
      9.58600E-05      0.00000E+00      6.14200E+04      0.00000E+00
      9.61200E-05      0.00000E+00      6.37800E+04      0.00000E+00
      9.65100E-05      0.00000E+00      6.36800E+04      0.00000E+00
      9.68400E-05      0.00000E+00      5.24100E+04      0.00000E+00
      9.70400E-05      0.00000E+00      4.48600E+04      0.00000E+00
      9.72300E-05      0.00000E+00      3.84000E+04      0.00000E+00
      9.74300E-05      0.00000E+00      3.28700E+04      0.00000E+00
      9.76900E-05      0.00000E+00      3.15900E+04      0.00000E+00
      9.78900E-05      0.00000E+00      2.81000E+04      0.00000E+00
      9.80900E-05      0.00000E+00      2.59900E+04      0.00000E+00
      9.84800E-05      0.00000E+00      2.59500E+04      0.00000E+00
      9.88100E-05      0.00000E+00      2.39900E+04      0.00000E+00
      9.90700E-05      0.00000E+00      2.30500E+04      0.00000E+00
      9.94000E-05      0.00000E+00      2.21500E+04      0.00000E+00
      9.96700E-05      0.00000E+00      2.12900E+04      0.00000E+00
      1.00300E-04      0.00000E+00      1.83100E+04      0.00000E+00
      1.01900E-04      0.00000E+00      2.16100E+04      0.00000E+00
      1.03300E-04      0.00000E+00      1.21600E+04      0.00000E+00
      1.03600E-04      0.00000E+00      2.04900E+04      0.00000E+00
      1.03700E-04      0.00000E+00      1.64500E+04      0.00000E+00
      1.04500E-04      0.00000E+00      4.29700E+04      0.00000E+00
      1.04900E-04      0.00000E+00      6.85100E+04      0.00000E+00
      1.05200E-04      0.00000E+00      3.26900E+04      0.00000E+00
      1.05300E-04      0.00000E+00      2.28900E+04      0.00000E+00
      1.05400E-04      0.00000E+00      9.26600E+04      0.00000E+00
      1.06500E-04      0.00000E+00      4.80200E+03      0.00000E+00
      1.07800E-04      0.00000E+00      3.65400E+03      0.00000E+00
      1.08400E-04      0.00000E+00      3.18800E+03      0.00000E+00
      1.08800E-04      0.00000E+00      5.51700E+03      0.00000E+00
      1.08900E-04      0.00000E+00      4.31100E+03      0.00000E+00
      1.09700E-04      0.00000E+00      2.23400E+03      0.00000E+00
      1.10500E-04      0.00000E+00      1.52300E+03      0.00000E+00
      1.10800E-04      0.00000E+00      3.37400E+03      0.00000E+00
      1.10900E-04      0.00000E+00      2.63600E+03      0.00000E+00
      1.11000E-04      0.00000E+00      2.11700E+03      0.00000E+00
      1.11100E-04      0.00000E+00      1.74800E+03      0.00000E+00
      1.12000E-04      0.00000E+00      4.32100E+03      0.00000E+00
      1.12400E-04      0.00000E+00      6.34500E+03      0.00000E+00
      1.12800E-04      0.00000E+00      1.16000E+04      0.00000E+00
      1.12900E-04      0.00000E+00      8.82000E+03      0.00000E+00
      1.13200E-04      0.00000E+00      2.36700E+04      0.00000E+00
      1.13300E-04      0.00000E+00      1.84900E+04      0.00000E+00
      1.14200E-04      0.00000E+00      4.83100E+04      0.00000E+00
      1.14300E-04      0.00000E+00      3.38300E+04      0.00000E+00
      1.14400E-04      0.00000E+00      2.57200E+04      0.00000E+00
      1.14800E-04      0.00000E+00      5.24700E+04      0.00000E+00
      1.15300E-04      0.00000E+00      6.90500E+04      0.00000E+00
      1.15500E-04      0.00000E+00      4.45400E+04      0.00000E+00
      1.17100E-04      0.00000E+00      8.37600E+04      0.00000E+00
      1.17300E-04      0.00000E+00      5.70700E+04      0.00000E+00
      1.17500E-04      0.00000E+00      1.61800E+05      0.00000E+00
      1.17600E-04      0.00000E+00      1.33500E+05      0.00000E+00
      1.17700E-04      0.00000E+00      9.87800E+04      0.00000E+00
      1.18500E-04      0.00000E+00      1.45000E+04      0.00000E+00
      1.18700E-04      0.00000E+00      4.22600E+04      0.00000E+00
      1.19100E-04      0.00000E+00      1.80700E+04      0.00000E+00
      1.19600E-04      0.00000E+00      2.19000E+04      0.00000E+00
      1.20200E-04      0.00000E+00      2.88200E+04      0.00000E+00
      1.21400E-04      0.00000E+00      7.95200E+03      0.00000E+00
      1.23300E-04      0.00000E+00      1.13700E+04      0.00000E+00
      1.23400E-04      0.00000E+00      8.88500E+03      0.00000E+00
      1.24700E-04      0.00000E+00      9.92400E+03      0.00000E+00
      1.25900E-04      0.00000E+00      1.49800E+04      0.00000E+00
      1.26500E-04      0.00000E+00      1.86700E+04      0.00000E+00
      1.26600E-04      0.00000E+00      1.62800E+04      0.00000E+00
      1.27700E-04      0.00000E+00      2.81800E+04      0.00000E+00
      1.27800E-04      0.00000E+00      2.20200E+04      0.00000E+00
      1.28300E-04      0.00000E+00      3.51100E+04      0.00000E+00
      1.31100E-04      0.00000E+00      4.62600E+04      0.00000E+00
      1.31200E-04      0.00000E+00      3.61500E+04      0.00000E+00
      1.32700E-04      0.00000E+00      2.98700E+04      0.00000E+00
      1.34500E-04      0.00000E+00      1.72800E+04      0.00000E+00
      1.35100E-04      0.00000E+00      2.27400E+04      0.00000E+00
      1.35600E-04      0.00000E+00      3.62500E+04      0.00000E+00
      1.36800E-04      0.00000E+00      1.42800E+04      0.00000E+00
      1.38200E-04      0.00000E+00      3.63000E+03      0.00000E+00
      1.38600E-04      0.00000E+00      7.20500E+03      0.00000E+00
      1.38900E-04      0.00000E+00      4.52200E+03      0.00000E+00
      1.40300E-04      0.00000E+00      5.63600E+03      0.00000E+00
      1.40500E-04      0.00000E+00      1.78300E+04      0.00000E+00
      1.40600E-04      0.00000E+00      1.43200E+04      0.00000E+00
      1.40700E-04      0.00000E+00      1.15000E+04      0.00000E+00
      1.40900E-04      0.00000E+00      8.98400E+03      0.00000E+00
      1.41200E-04      0.00000E+00      2.47800E+04      0.00000E+00
      1.41700E-04      0.00000E+00      3.95000E+04      0.00000E+00
      1.42400E-04      0.00000E+00      5.05700E+04      0.00000E+00
      1.43300E-04      0.00000E+00      7.42600E+03      0.00000E+00
      1.43400E-04      0.00000E+00      3.00600E+04      0.00000E+00
      1.44200E-04      0.00000E+00      5.96700E+03      0.00000E+00
      1.44800E-04      0.00000E+00      9.51200E+03      0.00000E+00
      1.45300E-04      0.00000E+00      1.73900E+04      0.00000E+00
      1.45500E-04      0.00000E+00      1.18500E+04      0.00000E+00
      1.46000E-04      0.00000E+00      2.22700E+04      0.00000E+00
      1.48700E-04      0.00000E+00      1.32500E+04      0.00000E+00
      1.48800E-04      0.00000E+00      1.09300E+04      0.00000E+00
      1.51000E-04      0.00000E+00      3.55800E+03      0.00000E+00
      1.51700E-04      0.00000E+00      5.08300E+03      0.00000E+00
      1.52100E-04      0.00000E+00      1.06600E+04      0.00000E+00
      1.52400E-04      0.00000E+00      6.33200E+03      0.00000E+00
      1.53100E-04      0.00000E+00      8.56400E+03      0.00000E+00
      1.53600E-04      0.00000E+00      1.44200E+04      0.00000E+00
      1.54100E-04      0.00000E+00      3.02400E+04      0.00000E+00
      1.54400E-04      0.00000E+00      1.84600E+04      0.00000E+00
      1.54800E-04      0.00000E+00      3.87200E+04      0.00000E+00
      1.55100E-04      0.00000E+00      2.43000E+04      0.00000E+00
      1.55300E-04      0.00000E+00      7.89900E+04      0.00000E+00
      1.55400E-04      0.00000E+00      6.17200E+04      0.00000E+00
      1.56400E-04      0.00000E+00      5.53400E+04      0.00000E+00
      1.57400E-04      0.00000E+00      8.12600E+03      0.00000E+00
      1.58000E-04      0.00000E+00      1.22600E+04      0.00000E+00
      1.58400E-04      0.00000E+00      5.69300E+03      0.00000E+00
      1.60300E-04      0.00000E+00      4.70400E+03      0.00000E+00
      1.60900E-04      0.00000E+00      8.14100E+03      0.00000E+00
      1.61000E-04      0.00000E+00      6.53800E+03      0.00000E+00
      1.61700E-04      0.00000E+00      9.34100E+03      0.00000E+00
      1.62500E-04      0.00000E+00      1.19600E+04      0.00000E+00
      1.63100E-04      0.00000E+00      2.12700E+04      0.00000E+00
      1.63600E-04      0.00000E+00      3.89000E+04      0.00000E+00
      1.63800E-04      0.00000E+00      3.03900E+04      0.00000E+00
      1.64800E-04      0.00000E+00      2.65100E+04      0.00000E+00
      1.65100E-04      0.00000E+00      1.53300E+04      0.00000E+00
      1.66700E-04      0.00000E+00      4.34600E+03      0.00000E+00
      1.67400E-04      0.00000E+00      6.55900E+03      0.00000E+00
      1.68100E-04      0.00000E+00      9.63100E+03      0.00000E+00
      1.68200E-04      0.00000E+00      8.17100E+03      0.00000E+00
      1.70400E-04      0.00000E+00      4.35400E+03      0.00000E+00
      1.71200E-04      0.00000E+00      5.42400E+03      0.00000E+00
      1.72500E-04      0.00000E+00      2.88900E+03      0.00000E+00
      1.73300E-04      0.00000E+00      3.90800E+03      0.00000E+00
      1.73400E-04      0.00000E+00      3.50200E+03      0.00000E+00
      1.74600E-04      0.00000E+00      1.23700E+04      0.00000E+00
      1.74700E-04      0.00000E+00      1.02100E+04      0.00000E+00
      1.75800E-04      0.00000E+00      7.55400E+03      0.00000E+00
      1.77000E-04      0.00000E+00      5.01000E+03      0.00000E+00
      1.78900E-04      0.00000E+00      5.75100E+03      0.00000E+00
      1.80600E-04      0.00000E+00      9.17200E+03      0.00000E+00
      1.81300E-04      0.00000E+00      1.54500E+04      0.00000E+00
      1.82500E-04      0.00000E+00      1.17500E+04      0.00000E+00
      1.83000E-04      0.00000E+00      2.53200E+04      0.00000E+00
      1.83200E-04      0.00000E+00      2.03300E+04      0.00000E+00
      1.84500E-04      0.00000E+00      1.14400E+04      0.00000E+00
      1.86300E-04      0.00000E+00      1.82500E+04      0.00000E+00
      1.86900E-04      0.00000E+00      7.18700E+03      0.00000E+00
      1.88100E-04      0.00000E+00      5.46700E+03      0.00000E+00
      1.89600E-04      0.00000E+00      1.28000E+04      0.00000E+00
      1.89800E-04      0.00000E+00      9.21000E+03      0.00000E+00
      1.90600E-04      0.00000E+00      1.55100E+04      0.00000E+00
      1.91200E-04      0.00000E+00      3.07900E+04      0.00000E+00
      1.91500E-04      0.00000E+00      1.88000E+04      0.00000E+00
      1.92000E-04      0.00000E+00      4.64600E+04      0.00000E+00
      1.92400E-04      0.00000E+00      2.40700E+04      0.00000E+00
      1.92500E-04      0.00000E+00      1.02900E+05      0.00000E+00
      1.92700E-04      0.00000E+00      7.40700E+04      0.00000E+00
      1.96100E-04      0.00000E+00      6.29300E+04      0.00000E+00
      1.96200E-04      0.00000E+00      5.19400E+04      0.00000E+00
      1.96400E-04      0.00000E+00      3.73800E+04      0.00000E+00
      1.98700E-04      0.00000E+00      3.08900E+04      0.00000E+00
      1.98800E-04      0.00000E+00      2.62000E+04      0.00000E+00
      2.00700E-04      0.00000E+00      4.17900E+04      0.00000E+00
      2.01700E-04      0.00000E+00      5.35100E+04      0.00000E+00
      2.02700E-04      0.00000E+00      5.97400E+04      0.00000E+00
      2.03600E-04      0.00000E+00      8.30300E+04      0.00000E+00
      2.04100E-04      0.00000E+00      8.30400E+03      0.00000E+00
      2.04900E-04      0.00000E+00      1.32400E+04      0.00000E+00
      2.06400E-04      0.00000E+00      7.24700E+03      0.00000E+00
      2.06900E-04      0.00000E+00      3.96600E+03      0.00000E+00
      2.07800E-04      0.00000E+00      5.07700E+03      0.00000E+00
      2.10900E-04      0.00000E+00      9.04000E+03      0.00000E+00
      2.12000E-04      0.00000E+00      1.03700E+04      0.00000E+00
      2.14600E-04      0.00000E+00      7.47200E+03      0.00000E+00
      2.16400E-04      0.00000E+00      1.61100E+04      0.00000E+00
      2.16700E-04      0.00000E+00      1.09800E+04      0.00000E+00
      2.17500E-04      0.00000E+00      1.84900E+04      0.00000E+00
      2.17700E-04      0.00000E+00      1.36700E+04      0.00000E+00
      2.20700E-04      0.00000E+00      6.18200E+03      0.00000E+00
      2.22800E-04      0.00000E+00      1.04200E+04      0.00000E+00
      2.22900E-04      0.00000E+00      9.08200E+03      0.00000E+00
      2.23800E-04      0.00000E+00      1.29700E+04      0.00000E+00
      2.26100E-04      0.00000E+00      1.66200E+04      0.00000E+00
      2.28800E-04      0.00000E+00      1.33600E+04      0.00000E+00
      2.32600E-04      0.00000E+00      1.49300E+04      0.00000E+00
      2.35400E-04      0.00000E+00      1.07500E+04      0.00000E+00
      2.36900E-04      0.00000E+00      8.64100E+03      0.00000E+00
      2.39100E-04      0.00000E+00      1.45600E+04      0.00000E+00
      2.40500E-04      0.00000E+00      1.27000E+04      0.00000E+00
      2.41600E-04      0.00000E+00      1.71800E+04      0.00000E+00
      2.44900E-04      0.00000E+00      8.20300E+03      0.00000E+00
      2.45100E-04      0.00000E+00      6.58800E+03      0.00000E+00
      2.45800E-04      0.00000E+00      1.42000E+04      0.00000E+00
      2.46100E-04      0.00000E+00      1.05000E+04      0.00000E+00
      2.46900E-04      0.00000E+00      1.92000E+04      0.00000E+00
      2.51200E-04      0.00000E+00      1.72300E+04      0.00000E+00
      2.52200E-04      0.00000E+00      2.46200E+04      0.00000E+00
      2.52800E-04      0.00000E+00      1.34700E+04      0.00000E+00
      2.53500E-04      0.00000E+00      2.74800E+04      0.00000E+00
      2.54700E-04      0.00000E+00      3.61700E+04      0.00000E+00
      2.57400E-04      0.00000E+00      4.03900E+04      0.00000E+00
      2.60300E-04      0.00000E+00      4.27100E+04      0.00000E+00
      2.65000E-04      0.00000E+00      2.83500E+04      0.00000E+00
      2.66300E-04      0.00000E+00      3.53200E+04      0.00000E+00
      2.67600E-04      0.00000E+00      4.05200E+04      0.00000E+00
      2.70300E-04      0.00000E+00      5.79200E+04      0.00000E+00
      2.73100E-04      0.00000E+00      7.21800E+04      0.00000E+00
      2.76900E-04      0.00000E+00      2.92500E+04      0.00000E+00
      2.77100E-04      0.00000E+00      2.34900E+04      0.00000E+00
      2.77200E-04      0.00000E+00      2.28500E+04      0.00000E+00
      2.79000E-04      0.00000E+00      1.60100E+04      0.00000E+00
      2.80400E-04      0.00000E+00      1.88800E+04      0.00000E+00
      2.85600E-04      0.00000E+00      1.18700E+04      0.00000E+00
      2.87000E-04      0.00000E+00      1.32500E+04      0.00000E+00
      2.90100E-04      0.00000E+00      1.52100E+04      0.00000E+00
      2.91900E-04      0.00000E+00      1.25600E+04      0.00000E+00
      2.92000E-04      0.00000E+00      1.09500E+04      0.00000E+00
      2.92200E-04      0.00000E+00      9.28900E+03      0.00000E+00
      2.97600E-04      0.00000E+00      2.71000E+04      0.00000E+00
      2.97800E-04      0.00000E+00      2.29900E+04      0.00000E+00
      2.98400E-04      0.00000E+00      1.32900E+04      0.00000E+00
      2.99800E-04      0.00000E+00      1.61100E+04      0.00000E+00
      3.02500E-04      0.00000E+00      6.17500E+03      0.00000E+00
      3.03700E-04      0.00000E+00      9.06700E+03      0.00000E+00
      3.04300E-04      0.00000E+00      5.10000E+03      0.00000E+00
      3.06200E-04      0.00000E+00      2.12200E+04      0.00000E+00
      3.06600E-04      0.00000E+00      1.57000E+04      0.00000E+00
      3.07200E-04      0.00000E+00      8.13300E+03      0.00000E+00
      3.08500E-04      0.00000E+00      1.22700E+04      0.00000E+00
      3.09100E-04      0.00000E+00      7.09500E+03      0.00000E+00
      3.13600E-04      0.00000E+00      1.37200E+04      0.00000E+00
      3.15700E-04      0.00000E+00      9.09700E+03      0.00000E+00
      3.15900E-04      0.00000E+00      7.71700E+03      0.00000E+00
      3.18900E-04      0.00000E+00      1.23100E+04      0.00000E+00
      3.20000E-04      0.00000E+00      2.25000E+04      0.00000E+00
      3.20200E-04      0.00000E+00      1.90900E+04      0.00000E+00
      3.22300E-04      0.00000E+00      1.45200E+04      0.00000E+00
      3.28300E-04      0.00000E+00      7.95700E+03      0.00000E+00
      3.28600E-04      0.00000E+00      6.21800E+03      0.00000E+00
      3.35100E-04      0.00000E+00      1.34200E+04      0.00000E+00
      3.35200E-04      0.00000E+00      1.17000E+04      0.00000E+00
      3.35500E-04      0.00000E+00      9.39700E+03      0.00000E+00
      3.38300E-04      0.00000E+00      2.14000E+04      0.00000E+00
      3.39400E-04      0.00000E+00      8.20100E+03      0.00000E+00
      3.42900E-04      0.00000E+00      1.02200E+04      0.00000E+00
      3.43300E-04      0.00000E+00      7.35600E+03      0.00000E+00
      3.44400E-04      0.00000E+00      1.46000E+04      0.00000E+00
      3.44600E-04      0.00000E+00      1.20500E+04      0.00000E+00
      3.48000E-04      0.00000E+00      1.72300E+04      0.00000E+00
      3.50400E-04      0.00000E+00      1.14300E+04      0.00000E+00
      3.53000E-04      0.00000E+00      6.98000E+03      0.00000E+00
      3.55000E-04      0.00000E+00      6.43200E+03      0.00000E+00
      3.57200E-04      0.00000E+00      5.16800E+03      0.00000E+00
      3.58700E-04      0.00000E+00      8.01600E+03      0.00000E+00
      3.60400E-04      0.00000E+00      9.98600E+03      0.00000E+00
      3.68300E-04      0.00000E+00      1.11600E+04      0.00000E+00
      3.70200E-04      0.00000E+00      1.28100E+04      0.00000E+00
      3.70700E-04      0.00000E+00      8.97000E+03      0.00000E+00
      3.75100E-04      0.00000E+00      7.01500E+03      0.00000E+00
      3.80500E-04      0.00000E+00      1.31900E+04      0.00000E+00
      3.81100E-04      0.00000E+00      8.74700E+03      0.00000E+00
      3.87700E-04      0.00000E+00      7.03500E+03      0.00000E+00
      3.88100E-04      0.00000E+00      5.20400E+03      0.00000E+00
      3.91700E-04      0.00000E+00      9.26100E+03      0.00000E+00
      3.93600E-04      0.00000E+00      1.12300E+04      0.00000E+00
      3.95500E-04      0.00000E+00      1.36100E+04      0.00000E+00
      4.00900E-04      0.00000E+00      3.45900E+04      0.00000E+00
      4.01200E-04      0.00000E+00      2.77800E+04      0.00000E+00
      4.04100E-04      0.00000E+00      1.69700E+04      0.00000E+00
      4.07300E-04      0.00000E+00      8.32700E+03      0.00000E+00
      4.07800E-04      0.00000E+00      5.83100E+03      0.00000E+00
      4.11900E-04      0.00000E+00      7.89000E+03      0.00000E+00
      4.16200E-04      0.00000E+00      9.56700E+03      0.00000E+00
      4.16700E-04      0.00000E+00      6.51800E+03      0.00000E+00
      4.18800E-04      0.00000E+00      7.47900E+03      0.00000E+00
      4.22800E-04      0.00000E+00      1.26000E+04      0.00000E+00
      4.23900E-04      0.00000E+00      5.53800E+03      0.00000E+00
      4.25700E-04      0.00000E+00      8.13100E+03      0.00000E+00
      4.27600E-04      0.00000E+00      1.13000E+04      0.00000E+00
      4.28900E-04      0.00000E+00      4.57500E+03      0.00000E+00
      4.38400E-04      0.00000E+00      4.97700E+03      0.00000E+00
      4.39500E-04      0.00000E+00      1.19700E+04      0.00000E+00
      4.42500E-04      0.00000E+00      8.38400E+03      0.00000E+00
      4.42900E-04      0.00000E+00      6.20200E+03      0.00000E+00
      4.45200E-04      0.00000E+00      7.11600E+03      0.00000E+00
      4.47200E-04      0.00000E+00      9.62400E+03      0.00000E+00
      4.50800E-04      0.00000E+00      2.31600E+04      0.00000E+00
      4.51400E-04      0.00000E+00      1.57800E+04      0.00000E+00
      4.52600E-04      0.00000E+00      3.79400E+04      0.00000E+00
      4.54900E-04      0.00000E+00      8.40400E+03      0.00000E+00
      4.55500E-04      0.00000E+00      5.72600E+03      0.00000E+00
      4.57800E-04      0.00000E+00      6.57000E+03      0.00000E+00
      4.62100E-04      0.00000E+00      1.04800E+04      0.00000E+00
      4.64400E-04      0.00000E+00      1.23600E+04      0.00000E+00
      4.72600E-04      0.00000E+00      9.66900E+03      0.00000E+00
      4.78700E-04      0.00000E+00      5.59400E+03      0.00000E+00
      4.80100E-04      0.00000E+00      1.27400E+04      0.00000E+00
      4.81000E-04      0.00000E+00      6.96900E+03      0.00000E+00
      4.87500E-04      0.00000E+00      1.87200E+04      0.00000E+00
      4.90600E-04      0.00000E+00      1.42400E+04      0.00000E+00
      4.93900E-04      0.00000E+00      9.97400E+03      0.00000E+00
      4.98000E-04      0.00000E+00      2.27200E+04      0.00000E+00
      4.98600E-04      0.00000E+00      1.63500E+04      0.00000E+00
      5.01100E-04      0.00000E+00      1.92800E+04      0.00000E+00
      5.05300E-04      0.00000E+00      4.27300E+04      0.00000E+00
      5.08400E-04      0.00000E+00      3.62600E+04      0.00000E+00
      5.09300E-04      0.00000E+00      2.15400E+04      0.00000E+00
      5.14400E-04      0.00000E+00      2.91500E+04      0.00000E+00
      5.22500E-04      0.00000E+00      3.84000E+04      0.00000E+00
      5.25700E-04      0.00000E+00      3.17100E+04      0.00000E+00
      5.29200E-04      0.00000E+00      2.34700E+04      0.00000E+00
      5.30700E-04      0.00000E+00      1.03100E+04      0.00000E+00
      5.31000E-04      0.00000E+00      8.74900E+03      0.00000E+00
      5.38300E-04      0.00000E+00      1.99400E+04      0.00000E+00
      5.38600E-04      0.00000E+00      1.69100E+04      0.00000E+00
      5.39000E-04      0.00000E+00      1.35800E+04      0.00000E+00
      5.44000E-04      0.00000E+00      2.35200E+04      0.00000E+00
      5.49400E-04      0.00000E+00      3.45500E+04      0.00000E+00
      5.56900E-04      0.00000E+00      1.65000E+04      0.00000E+00
      5.59500E-04      0.00000E+00      2.05600E+04      0.00000E+00
      5.61400E-04      0.00000E+00      7.45700E+03      0.00000E+00
      5.66000E-04      0.00000E+00      1.79400E+04      0.00000E+00
      5.69600E-04      0.00000E+00      1.40300E+04      0.00000E+00
      5.71700E-04      0.00000E+00      2.42700E+04      0.00000E+00
      5.73000E-04      0.00000E+00      2.49500E+03      0.00000E+00
      5.76700E-04      0.00000E+00      1.89800E+03      0.00000E+00
      5.82000E-04      0.00000E+00      3.28600E+03      0.00000E+00
      5.82300E-04      0.00000E+00      2.78800E+03      0.00000E+00
      5.84700E-04      0.00000E+00      4.20700E+03      0.00000E+00
      5.93800E-04      0.00000E+00      5.85400E+03      0.00000E+00
      5.97400E-04      0.00000E+00      5.10700E+03      0.00000E+00
      5.97900E-04      0.00000E+00      3.99000E+03      0.00000E+00
      6.04300E-04      0.00000E+00      4.45700E+03      0.00000E+00
      6.11700E-04      0.00000E+00      3.21100E+03      0.00000E+00
      6.19700E-04      0.00000E+00      9.62200E+03      0.00000E+00
      6.20500E-04      0.00000E+00      6.55600E+03      0.00000E+00
      6.20700E-04      0.00000E+00      5.87500E+03      0.00000E+00
      6.26100E-04      0.00000E+00      1.19900E+04      0.00000E+00
      6.31900E-04      0.00000E+00      4.00900E+03      0.00000E+00
      6.34100E-04      0.00000E+00      7.32900E+03      0.00000E+00
      6.46900E-04      0.00000E+00      2.66200E+03      0.00000E+00
      6.48800E-04      0.00000E+00      5.73800E+03      0.00000E+00
      6.49600E-04      0.00000E+00      4.01800E+03      0.00000E+00
      6.54700E-04      0.00000E+00      2.02600E+03      0.00000E+00
      6.57400E-04      0.00000E+00      3.05800E+03      0.00000E+00
      6.64100E-04      0.00000E+00      4.02500E+03      0.00000E+00
      6.67400E-04      0.00000E+00      4.74700E+03      0.00000E+00
      6.77600E-04      0.00000E+00      7.17100E+03      0.00000E+00
      6.81000E-04      0.00000E+00      8.69100E+03      0.00000E+00
      6.82000E-04      0.00000E+00      5.45400E+03      0.00000E+00
      6.86500E-04      0.00000E+00      4.03600E+03      0.00000E+00
      6.91500E-04      0.00000E+00      2.39900E+03      0.00000E+00
      6.95000E-04      0.00000E+00      2.75300E+03      0.00000E+00
      6.95800E-04      0.00000E+00      2.03600E+03      0.00000E+00
      7.09900E-04      0.00000E+00      3.72800E+03      0.00000E+00
      7.18700E-04      0.00000E+00      2.47400E+03      0.00000E+00
      7.22100E-04      0.00000E+00      3.25500E+03      0.00000E+00
      7.24400E-04      0.00000E+00      6.46200E+03      0.00000E+00
      7.31100E-04      0.00000E+00      1.08900E+04      0.00000E+00
      7.40000E-04      0.00000E+00      8.28400E+03      0.00000E+00
      7.40300E-04      0.00000E+00      7.22400E+03      0.00000E+00
      7.50600E-04      0.00000E+00      3.17700E+03      0.00000E+00
      7.51100E-04      0.00000E+00      1.35900E+04      0.00000E+00
      7.56600E-04      0.00000E+00      7.85700E+03      0.00000E+00
      7.61500E-04      0.00000E+00      5.97600E+03      0.00000E+00
      7.62800E-04      0.00000E+00      3.64900E+03      0.00000E+00
      7.64300E-04      0.00000E+00      1.03400E+04      0.00000E+00
      7.77500E-04      0.00000E+00      8.78800E+03      0.00000E+00
      7.89900E-04      0.00000E+00      1.12600E+04      0.00000E+00
      7.96200E-04      0.00000E+00      5.52500E+03      0.00000E+00
      8.02800E-04      0.00000E+00      1.25800E+04      0.00000E+00
      8.05700E-04      0.00000E+00      4.32100E+03      0.00000E+00
      8.14100E-04      0.00000E+00      5.24000E+03      0.00000E+00
      8.22300E-04      0.00000E+00      7.09000E+03      0.00000E+00
      8.39500E-04      0.00000E+00      1.10100E+04      0.00000E+00
      8.50300E-04      0.00000E+00      6.54900E+03      0.00000E+00
      8.55700E-04      0.00000E+00      5.11900E+03      0.00000E+00
      8.56200E-04      0.00000E+00      4.34300E+03      0.00000E+00
      8.66200E-04      0.00000E+00      3.68800E+03      0.00000E+00
      8.76500E-04      0.00000E+00      2.96500E+03      0.00000E+00
      8.85200E-04      0.00000E+00      4.12300E+03      0.00000E+00
      8.88200E-04      0.00000E+00      7.96300E+03      0.00000E+00
      8.89300E-04      0.00000E+00      5.42500E+03      0.00000E+00
      9.07700E-04      0.00000E+00      8.90200E+03      0.00000E+00
      9.13500E-04      0.00000E+00      6.95900E+03      0.00000E+00
      9.28000E-04      0.00000E+00      8.91800E+03      0.00000E+00
      9.34300E-04      0.00000E+00      6.07900E+03      0.00000E+00
      9.45300E-04      0.00000E+00      5.02300E+03      0.00000E+00
      9.49200E-04      0.00000E+00      7.79000E+03      0.00000E+00
      9.53800E-04      0.00000E+00      9.44200E+03      0.00000E+00
      9.57700E-04      0.00000E+00      1.46500E+04      0.00000E+00
      9.78700E-04      0.00000E+00      1.63700E+04      0.00000E+00
      9.79900E-04      0.00000E+00      1.14700E+04      0.00000E+00
      9.92600E-04      0.00000E+00      6.63400E+03      0.00000E+00
      9.93900E-04      0.00000E+00      4.52000E+03      0.00000E+00
      9.97000E-04      0.00000E+00      9.22100E+03      0.00000E+00
      1.00900E-03      0.00000E+00      7.21200E+03      0.00000E+00
      1.01100E-03      0.00000E+00      4.40400E+03      0.00000E+00
      1.03100E-03      0.00000E+00      8.06200E+03      0.00000E+00
      1.03800E-03      0.00000E+00      5.96700E+03      0.00000E+00
      1.05000E-03      0.00000E+00      4.54100E+03      0.00000E+00
      1.05200E-03      0.00000E+00      3.18000E+03      0.00000E+00
      1.05700E-03      0.00000E+00      3.75000E+03      0.00000E+00
      1.07200E-03      0.00000E+00      6.67600E+03      0.00000E+00
      1.08400E-03      0.00000E+00      7.45700E+03      0.00000E+00
      1.09700E-03      0.00000E+00      5.08500E+03      0.00000E+00
      1.10300E-03      0.00000E+00      5.99700E+03      0.00000E+00
      1.11400E-03      0.00000E+00      7.89500E+03      0.00000E+00
      1.13000E-03      0.00000E+00      3.28800E+03      0.00000E+00
      1.13500E-03      0.00000E+00      4.82700E+03      0.00000E+00
      1.14800E-03      0.00000E+00      3.67400E+03      0.00000E+00
      1.15900E-03      0.00000E+00      6.53800E+03      0.00000E+00
      1.16600E-03      0.00000E+00      4.97300E+03      0.00000E+00
      1.18600E-03      0.00000E+00      5.40700E+03      0.00000E+00
      1.20700E-03      0.00000E+00      4.00500E+03      0.00000E+00
      1.21300E-03      0.00000E+00      4.47100E+03      0.00000E+00
      1.21800E-03      0.00000E+00      6.04700E+03      0.00000E+00
      1.23300E-03      0.00000E+00      4.86100E+03      0.00000E+00
      1.24600E-03      0.00000E+00      6.05800E+03      0.00000E+00
      1.27300E-03      0.00000E+00      6.96100E+03      0.00000E+00
      1.28800E-03      0.00000E+00      6.07500E+03      0.00000E+00
      1.30800E-03      0.00000E+00      8.00100E+03      0.00000E+00
      1.31400E-03      0.00000E+00      9.69800E+03      0.00000E+00
      1.32300E-03      0.00000E+00      7.37700E+03      0.00000E+00
      1.34800E-03      0.00000E+00      3.33600E+03      0.00000E+00
      1.35300E-03      0.00000E+00      6.62300E+03      0.00000E+00
      1.37400E-03      0.00000E+00      9.21400E+03      0.00000E+00
      1.37600E-03      0.00000E+00      5.32600E+03      0.00000E+00
      1.39300E-03      0.00000E+00      4.40100E+03      0.00000E+00
      1.42200E-03      0.00000E+00      5.79900E+03      0.00000E+00
      1.44700E-03      0.00000E+00      4.66400E+03      0.00000E+00
      1.45500E-03      0.00000E+00      4.66600E+03      0.00000E+00
      1.48100E-03      0.00000E+00      3.65100E+03      0.00000E+00
      1.51700E-03      0.00000E+00      2.05700E+03      0.00000E+00
      1.54100E-03      0.00000E+00      2.70900E+03      0.00000E+00
      1.55700E-03      0.00000E+00      3.19700E+03      0.00000E+00
      1.57000E-03      0.00000E+00      6.89200E+03      0.00000E+00
      1.58100E-03      0.00000E+00      5.24200E+03      0.00000E+00
      1.60900E-03      0.00000E+00      3.38600E+03      0.00000E+00
      1.61700E-03      0.00000E+00      4.21800E+03      0.00000E+00
      1.65500E-03      0.00000E+00      3.21300E+03      0.00000E+00
      1.71100E-03      0.00000E+00      3.22200E+03      0.00000E+00
      1.74600E-03      0.00000E+00      5.43300E+03      0.00000E+00
      1.76300E-03      0.00000E+00      7.15200E+03      0.00000E+00
      1.79400E-03      0.00000E+00      5.91200E+03      0.00000E+00
      1.82500E-03      0.00000E+00      5.45300E+03      0.00000E+00
      1.84900E-03      0.00000E+00      2.75100E+03      0.00000E+00
      1.87000E-03      0.00000E+00      2.46800E+03      0.00000E+00
      1.91200E-03      0.00000E+00      2.75800E+03      0.00000E+00
      1.92300E-03      0.00000E+00      2.40600E+03      0.00000E+00
      1.94600E-03      0.00000E+00      1.88200E+03      0.00000E+00
      1.96700E-03      0.00000E+00      2.10200E+03      0.00000E+00
      1.97700E-03      0.00000E+00      2.41200E+03      0.00000E+00
      2.00000E-03      0.00000E+00      2.04800E+03      0.00000E+00
      2.02300E-03      0.00000E+00      1.78700E+03      0.00000E+00
      2.04500E-03      0.00000E+00      1.99600E+03      0.00000E+00
      2.05500E-03      0.00000E+00      2.22900E+03      0.00000E+00
      2.08700E-03      0.00000E+00      3.18700E+03      0.00000E+00
      2.09700E-03      0.00000E+00      4.08000E+03      0.00000E+00
      2.14700E-03      0.00000E+00      2.63700E+03      0.00000E+00
      2.21700E-03      0.00000E+00      3.77600E+03      0.00000E+00
      2.24100E-03      0.00000E+00      4.33400E+03      0.00000E+00
      2.25100E-03      0.00000E+00      5.39900E+03      0.00000E+00
      2.30600E-03      0.00000E+00      3.21400E+03      0.00000E+00
      2.32900E-03      0.00000E+00      4.11600E+03      0.00000E+00
      2.35300E-03      0.00000E+00      5.13000E+03      0.00000E+00
      2.40600E-03      0.00000E+00      5.28200E+03      0.00000E+00
      2.44600E-03      0.00000E+00      5.43700E+03      0.00000E+00
      2.46400E-03      0.00000E+00      3.14400E+03      0.00000E+00
      2.50700E-03      0.00000E+00      2.46000E+03      0.00000E+00
      2.51900E-03      0.00000E+00      3.06500E+03      0.00000E+00
      2.57500E-03      0.00000E+00      3.33300E+03      0.00000E+00
      2.61700E-03      0.00000E+00      3.82800E+03      0.00000E+00
      2.64500E-03      0.00000E+00      4.27600E+03      0.00000E+00
      2.71600E-03      0.00000E+00      5.79300E+03      0.00000E+00
      2.74700E-03      0.00000E+00      5.19700E+03      0.00000E+00
      2.79200E-03      0.00000E+00      5.96800E+03      0.00000E+00
      2.81000E-03      0.00000E+00      4.79500E+03      0.00000E+00
      2.85900E-03      0.00000E+00      3.65100E+03      0.00000E+00
      2.87400E-03      0.00000E+00      4.18900E+03      0.00000E+00
      2.90800E-03      0.00000E+00      3.18800E+03      0.00000E+00
      2.98800E-03      0.00000E+00      3.76600E+03      0.00000E+00
      3.00300E-03      0.00000E+00      4.44100E+03      0.00000E+00
      3.10000E-03      0.00000E+00      6.53600E+03      0.00000E+00
      3.15800E-03      0.00000E+00      3.68100E+03      0.00000E+00
      3.21000E-03      0.00000E+00      4.11300E+03      0.00000E+00
      3.24900E-03      0.00000E+00      3.10700E+03      0.00000E+00
      3.26900E-03      0.00000E+00      2.07700E+03      0.00000E+00
      3.31300E-03      0.00000E+00      2.63600E+03      0.00000E+00
      3.37700E-03      0.00000E+00      2.76800E+03      0.00000E+00
      3.42700E-03      0.00000E+00      2.52100E+03      0.00000E+00
      3.50800E-03      0.00000E+00      2.84400E+03      0.00000E+00
      3.53900E-03      0.00000E+00      3.44000E+03      0.00000E+00
      3.58900E-03      0.00000E+00      3.87800E+03      0.00000E+00
      3.64000E-03      0.00000E+00      4.26900E+03      0.00000E+00
      3.72600E-03      0.00000E+00      4.81500E+03      0.00000E+00
      3.80000E-03      0.00000E+00      4.28400E+03      0.00000E+00
      3.85700E-03      0.00000E+00      3.46500E+03      0.00000E+00
      3.91800E-03      0.00000E+00      2.49000E+03      0.00000E+00
      3.93800E-03      0.00000E+00      2.21200E+03      0.00000E+00
      4.03200E-03      0.00000E+00      2.38000E+03      0.00000E+00
      4.04600E-03      0.00000E+00      3.47900E+03      0.00000E+00
      4.06700E-03      0.00000E+00      3.24100E+03      0.00000E+00
      4.18700E-03      0.00000E+00      2.81900E+03      0.00000E+00
      4.28400E-03      0.00000E+00      3.66500E+03      0.00000E+00
      4.38700E-03      0.00000E+00      4.03800E+03      0.00000E+00
      4.45300E-03      0.00000E+00      3.42500E+03      0.00000E+00
      4.58400E-03      0.00000E+00      3.12200E+03      0.00000E+00
      4.71800E-03      0.00000E+00      2.91500E+03      0.00000E+00
      4.88200E-03      0.00000E+00      2.41800E+03      0.00000E+00
      4.97200E-03      0.00000E+00      2.99800E+03      0.00000E+00
      5.08900E-03      0.00000E+00      3.80700E+03      0.00000E+00
      5.18600E-03      0.00000E+00      4.09500E+03      0.00000E+00
      5.27000E-03      0.00000E+00      2.37700E+03      0.00000E+00
      5.37000E-03      0.00000E+00      2.61700E+03      0.00000E+00
      5.46900E-03      0.00000E+00      3.40200E+03      0.00000E+00
      5.57600E-03      0.00000E+00      3.09900E+03      0.00000E+00
      5.74000E-03      0.00000E+00      2.89400E+03      0.00000E+00
      5.87700E-03      0.00000E+00      3.11300E+03      0.00000E+00
      6.04800E-03      0.00000E+00      3.19500E+03      0.00000E+00
      6.19600E-03      0.00000E+00      2.98200E+03      0.00000E+00
      6.25800E-03      0.00000E+00      2.58900E+03      0.00000E+00
      6.38300E-03      0.00000E+00      2.19600E+03      0.00000E+00
      6.50300E-03      0.00000E+00      2.47700E+03      0.00000E+00
      6.59500E-03      0.00000E+00      2.79200E+03      0.00000E+00
      6.72600E-03      0.00000E+00      2.31300E+03      0.00000E+00
      6.89200E-03      0.00000E+00      2.05900E+03      0.00000E+00
      7.02000E-03      0.00000E+00      2.49300E+03      0.00000E+00
      7.11900E-03      0.00000E+00      2.81000E+03      0.00000E+00
      7.28400E-03      0.00000E+00      3.65400E+03      0.00000E+00
      7.49600E-03      0.00000E+00      3.75000E+03      0.00000E+00
      7.57400E-03      0.00000E+00      2.96100E+03      0.00000E+00
      7.76300E-03      0.00000E+00      2.39700E+03      0.00000E+00
      7.90700E-03      0.00000E+00      2.90200E+03      0.00000E+00
      8.05800E-03      0.00000E+00      3.12100E+03      0.00000E+00
      8.25200E-03      0.00000E+00      3.27900E+03      0.00000E+00
      8.37400E-03      0.00000E+00      2.91600E+03      0.00000E+00
      8.61900E-03      0.00000E+00      2.85500E+03      0.00000E+00
      8.82600E-03      0.00000E+00      2.99900E+03      0.00000E+00
      8.96000E-03      0.00000E+00      2.36900E+03      0.00000E+00
      9.18000E-03      0.00000E+00      2.15900E+03      0.00000E+00
      9.48900E-03      0.00000E+00      2.38100E+03      0.00000E+00
      9.57000E-03      0.00000E+00      3.24200E+03      0.00000E+00
      1.01700E-02      0.00000E+00      2.52900E+03      0.00000E+00
      1.04600E-02      0.00000E+00      2.32900E+03      0.00000E+00
      1.06300E-02      0.00000E+00      2.83800E+03      0.00000E+00
      1.09900E-02      0.00000E+00      2.47200E+03      0.00000E+00
      1.13000E-02      0.00000E+00      2.34100E+03      0.00000E+00
      1.15500E-02      0.00000E+00      2.55100E+03      0.00000E+00
      1.16800E-02      0.00000E+00      2.28200E+03      0.00000E+00
      1.21400E-02      0.00000E+00      2.28800E+03      0.00000E+00
      1.22700E-02      0.00000E+00      2.56100E+03      0.00000E+00
      1.26900E-02      0.00000E+00      2.56700E+03      0.00000E+00
      1.30400E-02      0.00000E+00      2.64500E+03      0.00000E+00
      1.34100E-02      0.00000E+00      2.36900E+03      0.00000E+00
      1.38600E-02      0.00000E+00      2.12200E+03      0.00000E+00
      1.41800E-02      0.00000E+00      1.89900E+03      0.00000E+00
      1.45700E-02      0.00000E+00      2.01200E+03      0.00000E+00
      1.49700E-02      0.00000E+00      2.45400E+03      0.00000E+00
      1.54800E-02      0.00000E+00      2.46000E+03      0.00000E+00
      1.58300E-02      0.00000E+00      2.14100E+03      0.00000E+00
      1.63600E-02      0.00000E+00      2.20600E+03      0.00000E+00
      1.67300E-02      0.00000E+00      2.03100E+03      0.00000E+00
      1.72900E-02      0.00000E+00      2.03600E+03      0.00000E+00
      1.78700E-02      0.00000E+00      2.34800E+03      0.00000E+00
      1.84800E-02      0.00000E+00      2.10300E+03      0.00000E+00
      1.89900E-02      0.00000E+00      2.10700E+03      0.00000E+00
      1.95200E-02      0.00000E+00      2.23300E+03      0.00000E+00
      2.01800E-02      0.00000E+00      2.11600E+03      0.00000E+00
      2.08600E-02      0.00000E+00      2.24300E+03      0.00000E+00
      2.15600E-02      0.00000E+00      2.37700E+03      0.00000E+00
      2.21700E-02      0.00000E+00      2.12900E+03      0.00000E+00
      2.31700E-02      0.00000E+00      1.90800E+03      0.00000E+00
      2.38100E-02      0.00000E+00      2.20000E+03      0.00000E+00
      2.47500E-02      0.00000E+00      2.14500E+03      0.00000E+00
      2.55900E-02      0.00000E+00      2.09000E+03      0.00000E+00
      2.68900E-02      0.00000E+00      2.21800E+03      0.00000E+00
      2.76500E-02      0.00000E+00      2.04300E+03      0.00000E+00
      2.85800E-02      0.00000E+00      2.04700E+03      0.00000E+00
      2.95400E-02      0.00000E+00      1.99500E+03      0.00000E+00
      3.08800E-02      0.00000E+00      1.94500E+03      0.00000E+00
      3.22700E-02      0.00000E+00      2.06400E+03      0.00000E+00
      3.37300E-02      0.00000E+00      1.95700E+03      0.00000E+00
      3.50600E-02      0.00000E+00      2.01800E+03      0.00000E+00
      3.66400E-02      0.00000E+00      2.02400E+03      0.00000E+00
      3.80900E-02      0.00000E+00      1.97300E+03      0.00000E+00
      3.95900E-02      0.00000E+00      1.92300E+03      0.00000E+00
      4.18400E-02      0.00000E+00      1.87700E+03      0.00000E+00
      4.34900E-02      0.00000E+00      1.88200E+03      0.00000E+00
      4.57000E-02      0.00000E+00      1.94200E+03      0.00000E+00
      4.77700E-02      0.00000E+00      1.94800E+03      0.00000E+00
      5.07700E-02      0.00000E+00      1.84900E+03      0.00000E+00
      5.33700E-02      0.00000E+00      1.65800E+03      0.00000E+00
      5.63900E-02      0.00000E+00      1.81000E+03      0.00000E+00
      5.92500E-02      0.00000E+00      1.92100E+03      0.00000E+00
      6.29700E-02      0.00000E+00      1.82400E+03      0.00000E+00
      6.65500E-02      0.00000E+00      1.78000E+03      0.00000E+00
      7.03100E-02      0.00000E+00      1.89000E+03      0.00000E+00
      7.51400E-02      0.00000E+00      1.84600E+03      0.00000E+00
      7.98600E-02      0.00000E+00      1.65600E+03      0.00000E+00
      8.62700E-02      0.00000E+00      1.76100E+03      0.00000E+00
      9.17000E-02      0.00000E+00      1.58000E+03      0.00000E+00
      9.79600E-02      0.00000E+00      1.67900E+03      0.00000E+00
      1.04100E-01      0.00000E+00      1.68600E+03      0.00000E+00
      1.12500E-01      0.00000E+00      1.64800E+03      0.00000E+00
      1.20800E-01      0.00000E+00      1.65600E+03      0.00000E+00
      1.31300E-01      0.00000E+00      1.76100E+03      0.00000E+00
      1.42600E-01      0.00000E+00      1.77100E+03      0.00000E+00
      1.55800E-01      0.00000E+00      1.59200E+03      0.00000E+00
      1.70200E-01      0.00000E+00      1.64700E+03      0.00000E+00
      1.88000E-01      0.00000E+00      1.56800E+03      0.00000E+00
      2.07600E-01      0.00000E+00      1.57800E+03      0.00000E+00
      2.30600E-01      0.00000E+00      1.63500E+03      0.00000E+00
      2.60300E-01      0.00000E+00      1.64800E+03      0.00000E+00
      2.90700E-01      0.00000E+00      1.66000E+03      0.00000E+00
      3.28300E-01      0.00000E+00      1.72200E+03      0.00000E+00
      3.76900E-01      0.00000E+00      1.64300E+03      0.00000E+00
      4.35000E-01      0.00000E+00      1.80400E+03      0.00000E+00
      5.07700E-01      0.00000E+00      1.82300E+03      0.00000E+00
      6.05800E-01      0.00000E+00      1.84500E+03      0.00000E+00
      7.38900E-01      0.00000E+00      1.97800E+03      0.00000E+00
