# entry       : 22080 
# subentry    : 004 
# pointer     : XX 
# reaction    : (94-PU-239(N,F),,SIG) 
# year        : 1988 
# author      : C.Wagemans 
# institute   : 2ZZZGEL 
# reference   : (C,88MITO,,91,1988) 
# facility    : {'type': 'LINAC', 'x4code': '2ZZZGEL'} 
# frame       : Lab
#     E(MeV)          dE(MeV)           xs(mb)           dxs(mb)
      2.00140E-09      0.00000E+00      2.50760E+06      0.00000E+00
      2.02560E-09      0.00000E+00      2.62490E+06      0.00000E+00
      2.05020E-09      0.00000E+00      2.51060E+06      0.00000E+00
      2.06590E-09      0.00000E+00      2.97660E+06      0.00000E+00
      2.07220E-09      0.00000E+00      2.42360E+06      0.00000E+00
      2.07850E-09      0.00000E+00      2.81990E+06      0.00000E+00
      2.08490E-09      0.00000E+00      2.32950E+06      0.00000E+00
      2.09130E-09      0.00000E+00      2.34470E+06      0.00000E+00
      2.09770E-09      0.00000E+00      2.42330E+06      0.00000E+00
      2.10410E-09      0.00000E+00      3.02570E+06      0.00000E+00
      2.11050E-09      0.00000E+00      2.04790E+06      0.00000E+00
      2.12690E-09      0.00000E+00      2.61210E+06      0.00000E+00
      2.15350E-09      0.00000E+00      2.57440E+06      0.00000E+00
      2.18060E-09      0.00000E+00      2.44070E+06      0.00000E+00
      2.20820E-09      0.00000E+00      2.41330E+06      0.00000E+00
      2.23620E-09      0.00000E+00      2.50470E+06      0.00000E+00
      2.26490E-09      0.00000E+00      2.37770E+06      0.00000E+00
      2.29410E-09      0.00000E+00      2.50860E+06      0.00000E+00
      2.32380E-09      0.00000E+00      2.32510E+06      0.00000E+00
      2.35420E-09      0.00000E+00      2.36580E+06      0.00000E+00
      2.38520E-09      0.00000E+00      2.42880E+06      0.00000E+00
      2.41670E-09      0.00000E+00      2.29620E+06      0.00000E+00
      2.44880E-09      0.00000E+00      2.34210E+06      0.00000E+00
      2.48170E-09      0.00000E+00      2.16270E+06      0.00000E+00
      2.51510E-09      0.00000E+00      2.53890E+06      0.00000E+00
      2.54930E-09      0.00000E+00      2.26140E+06      0.00000E+00
      2.58410E-09      0.00000E+00      2.30840E+06      0.00000E+00
      2.61970E-09      0.00000E+00      2.23760E+06      0.00000E+00
      2.65600E-09      0.00000E+00      2.18460E+06      0.00000E+00
      2.69310E-09      0.00000E+00      2.06800E+06      0.00000E+00
      2.73100E-09      0.00000E+00      2.26130E+06      0.00000E+00
      2.76960E-09      0.00000E+00      2.27580E+06      0.00000E+00
      2.80910E-09      0.00000E+00      2.25470E+06      0.00000E+00
      2.84950E-09      0.00000E+00      2.14650E+06      0.00000E+00
      2.89070E-09      0.00000E+00      2.03960E+06      0.00000E+00
      2.93280E-09      0.00000E+00      2.05760E+06      0.00000E+00
      2.97590E-09      0.00000E+00      2.04290E+06      0.00000E+00
      3.01990E-09      0.00000E+00      2.09200E+06      0.00000E+00
      3.06490E-09      0.00000E+00      2.18730E+06      0.00000E+00
      3.11090E-09      0.00000E+00      2.19480E+06      0.00000E+00
      3.15790E-09      0.00000E+00      1.99260E+06      0.00000E+00
      3.20600E-09      0.00000E+00      2.00300E+06      0.00000E+00
      3.25520E-09      0.00000E+00      2.04180E+06      0.00000E+00
      3.30560E-09      0.00000E+00      2.01950E+06      0.00000E+00
      3.35710E-09      0.00000E+00      1.99460E+06      0.00000E+00
      3.40990E-09      0.00000E+00      2.01190E+06      0.00000E+00
      3.46400E-09      0.00000E+00      1.90130E+06      0.00000E+00
      3.50520E-09      0.00000E+00      2.03730E+06      0.00000E+00
      3.53310E-09      0.00000E+00      2.09860E+06      0.00000E+00
      3.57590E-09      0.00000E+00      1.89750E+06      0.00000E+00
      3.61920E-09      0.00000E+00      1.86090E+06      0.00000E+00
      3.64860E-09      0.00000E+00      1.91730E+06      0.00000E+00
      3.69340E-09      0.00000E+00      2.00380E+06      0.00000E+00
      3.75440E-09      0.00000E+00      1.83230E+06      0.00000E+00
      3.80090E-09      0.00000E+00      1.65340E+06      0.00000E+00
      3.83240E-09      0.00000E+00      1.72060E+06      0.00000E+00
      3.88070E-09      0.00000E+00      1.85900E+06      0.00000E+00
      3.92960E-09      0.00000E+00      1.92320E+06      0.00000E+00
      3.96290E-09      0.00000E+00      1.82690E+06      0.00000E+00
      3.99660E-09      0.00000E+00      1.86950E+06      0.00000E+00
      4.03070E-09      0.00000E+00      1.67960E+06      0.00000E+00
      4.05660E-09      0.00000E+00      1.76670E+06      0.00000E+00
      4.07390E-09      0.00000E+00      1.79760E+06      0.00000E+00
      4.09130E-09      0.00000E+00      1.75990E+06      0.00000E+00
      4.10890E-09      0.00000E+00      1.80590E+06      0.00000E+00
      4.13550E-09      0.00000E+00      1.79570E+06      0.00000E+00
      4.17140E-09      0.00000E+00      1.68790E+06      0.00000E+00
      4.19860E-09      0.00000E+00      1.71810E+06      0.00000E+00
      4.21690E-09      0.00000E+00      1.68950E+06      0.00000E+00
      4.23530E-09      0.00000E+00      1.77040E+06      0.00000E+00
      4.25390E-09      0.00000E+00      1.69760E+06      0.00000E+00
      4.28200E-09      0.00000E+00      1.56470E+06      0.00000E+00
      4.31970E-09      0.00000E+00      1.75360E+06      0.00000E+00
      4.37750E-09      0.00000E+00      1.70370E+06      0.00000E+00
      4.45630E-09      0.00000E+00      1.73320E+06      0.00000E+00
      4.53710E-09      0.00000E+00      1.79150E+06      0.00000E+00
      4.62010E-09      0.00000E+00      1.66190E+06      0.00000E+00
      4.70550E-09      0.00000E+00      1.63860E+06      0.00000E+00
      4.79320E-09      0.00000E+00      1.69530E+06      0.00000E+00
      4.88340E-09      0.00000E+00      1.67470E+06      0.00000E+00
      4.97620E-09      0.00000E+00      1.60180E+06      0.00000E+00
      5.07170E-09      0.00000E+00      1.58480E+06      0.00000E+00
      5.14490E-09      0.00000E+00      1.65080E+06      0.00000E+00
      5.19470E-09      0.00000E+00      1.51410E+06      0.00000E+00
      5.27100E-09      0.00000E+00      1.54620E+06      0.00000E+00
      5.37530E-09      0.00000E+00      1.56380E+06      0.00000E+00
      5.48250E-09      0.00000E+00      1.52100E+06      0.00000E+00
      5.59290E-09      0.00000E+00      1.49390E+06      0.00000E+00
      5.70690E-09      0.00000E+00      1.51400E+06      0.00000E+00
      5.79420E-09      0.00000E+00      1.47850E+06      0.00000E+00
      5.85370E-09      0.00000E+00      1.51600E+06      0.00000E+00
      5.94520E-09      0.00000E+00      1.50490E+06      0.00000E+00
      6.07010E-09      0.00000E+00      1.44010E+06      0.00000E+00
      6.19890E-09      0.00000E+00      1.44300E+06      0.00000E+00
      6.33180E-09      0.00000E+00      1.47640E+06      0.00000E+00
      6.46910E-09      0.00000E+00      1.40990E+06      0.00000E+00
      6.61080E-09      0.00000E+00      1.42380E+06      0.00000E+00
      6.75730E-09      0.00000E+00      1.37580E+06      0.00000E+00
      6.86990E-09      0.00000E+00      1.43640E+06      0.00000E+00
      6.94690E-09      0.00000E+00      1.46670E+06      0.00000E+00
      7.02510E-09      0.00000E+00      1.41660E+06      0.00000E+00
      7.10470E-09      0.00000E+00      1.37770E+06      0.00000E+00
      7.22730E-09      0.00000E+00      1.34040E+06      0.00000E+00
      7.39490E-09      0.00000E+00      1.31610E+06      0.00000E+00
      7.56840E-09      0.00000E+00      1.29350E+06      0.00000E+00
      7.70190E-09      0.00000E+00      1.31300E+06      0.00000E+00
      7.79330E-09      0.00000E+00      1.31400E+06      0.00000E+00
      7.88630E-09      0.00000E+00      1.32380E+06      0.00000E+00
      7.98100E-09      0.00000E+00      1.27790E+06      0.00000E+00
      8.07750E-09      0.00000E+00      1.33130E+06      0.00000E+00
      8.17580E-09      0.00000E+00      1.32000E+06      0.00000E+00
      8.25040E-09      0.00000E+00      1.25870E+06      0.00000E+00
      8.30080E-09      0.00000E+00      1.23290E+06      0.00000E+00
      8.35180E-09      0.00000E+00      1.30430E+06      0.00000E+00
      8.40320E-09      0.00000E+00      1.26250E+06      0.00000E+00
      8.53460E-09      0.00000E+00      1.26970E+06      0.00000E+00
      8.69460E-09      0.00000E+00      1.23790E+06      0.00000E+00
      8.80440E-09      0.00000E+00      1.21550E+06      0.00000E+00
      8.97370E-09      0.00000E+00      1.24580E+06      0.00000E+00
      9.20600E-09      0.00000E+00      1.21090E+06      0.00000E+00
      9.38530E-09      0.00000E+00      1.21010E+06      0.00000E+00
      9.50840E-09      0.00000E+00      1.14860E+06      0.00000E+00
      9.69850E-09      0.00000E+00      1.17660E+06      0.00000E+00
      9.89240E-09      0.00000E+00      1.17090E+06      0.00000E+00
      1.00260E-08      0.00000E+00      1.15290E+06      0.00000E+00
      1.01620E-08      0.00000E+00      1.14120E+06      0.00000E+00
      1.03000E-08      0.00000E+00      1.16640E+06      0.00000E+00
      1.04420E-08      0.00000E+00      1.13710E+06      0.00000E+00
      1.05860E-08      0.00000E+00      1.12890E+06      0.00000E+00
      1.07340E-08      0.00000E+00      1.10690E+06      0.00000E+00
      1.08850E-08      0.00000E+00      1.12290E+06      0.00000E+00
      1.10390E-08      0.00000E+00      1.11490E+06      0.00000E+00
      1.11960E-08      0.00000E+00      1.09440E+06      0.00000E+00
      1.13560E-08      0.00000E+00      1.08670E+06      0.00000E+00
      1.15200E-08      0.00000E+00      1.10030E+06      0.00000E+00
      1.16880E-08      0.00000E+00      1.08880E+06      0.00000E+00
      1.18590E-08      0.00000E+00      1.06130E+06      0.00000E+00
      1.19890E-08      0.00000E+00      1.08310E+06      0.00000E+00
      1.20780E-08      0.00000E+00      1.07810E+06      0.00000E+00
      1.21670E-08      0.00000E+00      1.00850E+06      0.00000E+00
      1.22580E-08      0.00000E+00      1.09920E+06      0.00000E+00
      1.24900E-08      0.00000E+00      1.04190E+06      0.00000E+00
      1.28730E-08      0.00000E+00      1.04960E+06      0.00000E+00
      1.31190E-08      0.00000E+00      1.07000E+06      0.00000E+00
      1.32210E-08      0.00000E+00      1.02660E+06      0.00000E+00
      1.33230E-08      0.00000E+00      1.04060E+06      0.00000E+00
      1.34270E-08      0.00000E+00      1.00600E+06      0.00000E+00
      1.35850E-08      0.00000E+00      1.01960E+06      0.00000E+00
      1.38000E-08      0.00000E+00      9.90960E+05      0.00000E+00
      1.40200E-08      0.00000E+00      9.62470E+05      0.00000E+00
      1.42450E-08      0.00000E+00      9.74500E+05      0.00000E+00
      1.44760E-08      0.00000E+00      9.60950E+05      0.00000E+00
      1.47120E-08      0.00000E+00      9.45020E+05      0.00000E+00
      1.49540E-08      0.00000E+00      9.70750E+05      0.00000E+00
      1.52020E-08      0.00000E+00      9.61040E+05      0.00000E+00
      1.54560E-08      0.00000E+00      9.47200E+05      0.00000E+00
      1.57170E-08      0.00000E+00      9.42600E+05      0.00000E+00
      1.61240E-08      0.00000E+00      9.28790E+05      0.00000E+00
      1.66870E-08      0.00000E+00      9.03640E+05      0.00000E+00
      1.72800E-08      0.00000E+00      8.85150E+05      0.00000E+00
      1.77430E-08      0.00000E+00      9.01630E+05      0.00000E+00
      1.80640E-08      0.00000E+00      8.93680E+05      0.00000E+00
      1.83940E-08      0.00000E+00      8.74170E+05      0.00000E+00
      1.87330E-08      0.00000E+00      8.61230E+05      0.00000E+00
      1.92640E-08      0.00000E+00      8.51500E+05      0.00000E+00
      2.00010E-08      0.00000E+00      8.38590E+05      0.00000E+00
      2.07810E-08      0.00000E+00      8.10030E+05      0.00000E+00
      2.16090E-08      0.00000E+00      8.10880E+05      0.00000E+00
      2.24860E-08      0.00000E+00      8.02570E+05      0.00000E+00
      2.34180E-08      0.00000E+00      7.80890E+05      0.00000E+00
      2.44100E-08      0.00000E+00      7.57080E+05      0.00000E+00
      2.54650E-08      0.00000E+00      7.46630E+05      0.00000E+00
      2.61520E-08      0.00000E+00      7.45040E+05      0.00000E+00
      2.63520E-08      0.00000E+00      7.25980E+05      0.00000E+00
      2.64700E-08      0.00000E+00      7.20130E+05      0.00000E+00
      2.65880E-08      0.00000E+00      7.01260E+05      0.00000E+00
      2.68900E-08      0.00000E+00      7.13760E+05      0.00000E+00
      2.73810E-08      0.00000E+00      7.17610E+05      0.00000E+00
      2.78850E-08      0.00000E+00      7.21240E+05      0.00000E+00
      2.84040E-08      0.00000E+00      7.05290E+05      0.00000E+00
      2.89370E-08      0.00000E+00      7.05530E+05      0.00000E+00
      2.94850E-08      0.00000E+00      7.18770E+05      0.00000E+00
      2.99050E-08      0.00000E+00      6.85550E+05      0.00000E+00
      3.01910E-08      0.00000E+00      6.80180E+05      0.00000E+00
      3.06290E-08      0.00000E+00      6.97060E+05      0.00000E+00
      3.12260E-08      0.00000E+00      6.84400E+05      0.00000E+00
      3.18410E-08      0.00000E+00      6.75580E+05      0.00000E+00
      3.23130E-08      0.00000E+00      6.61000E+05      0.00000E+00
      3.26340E-08      0.00000E+00      6.91660E+05      0.00000E+00
      3.31270E-08      0.00000E+00      6.64400E+05      0.00000E+00
      3.37990E-08      0.00000E+00      6.55060E+05      0.00000E+00
      3.44920E-08      0.00000E+00      6.62420E+05      0.00000E+00
      3.52060E-08      0.00000E+00      6.52620E+05      0.00000E+00
      3.59430E-08      0.00000E+00      6.42020E+05      0.00000E+00
      3.67030E-08      0.00000E+00      6.33110E+05      0.00000E+00
      3.72870E-08      0.00000E+00      6.24500E+05      0.00000E+00
      3.76850E-08      0.00000E+00      6.30400E+05      0.00000E+00
      3.79880E-08      0.00000E+00      6.49710E+05      0.00000E+00
      3.81920E-08      0.00000E+00      6.33000E+05      0.00000E+00
      3.83980E-08      0.00000E+00      6.24330E+05      0.00000E+00
      3.86050E-08      0.00000E+00      6.36400E+05      0.00000E+00
      3.89200E-08      0.00000E+00      6.24050E+05      0.00000E+00
      3.93450E-08      0.00000E+00      6.35840E+05      0.00000E+00
      3.96670E-08      0.00000E+00      6.36550E+05      0.00000E+00
      3.98850E-08      0.00000E+00      5.87030E+05      0.00000E+00
      4.01050E-08      0.00000E+00      6.25090E+05      0.00000E+00
      4.03260E-08      0.00000E+00      6.28440E+05      0.00000E+00
      4.08910E-08      0.00000E+00      6.07190E+05      0.00000E+00
      4.15780E-08      0.00000E+00      5.94820E+05      0.00000E+00
      4.20480E-08      0.00000E+00      5.99840E+05      0.00000E+00
      4.27700E-08      0.00000E+00      5.89960E+05      0.00000E+00
      4.37580E-08      0.00000E+00      5.75880E+05      0.00000E+00
      4.47810E-08      0.00000E+00      5.80450E+05      0.00000E+00
      4.58400E-08      0.00000E+00      5.77910E+05      0.00000E+00
      4.69370E-08      0.00000E+00      5.95890E+05      0.00000E+00
      4.76380E-08      0.00000E+00      5.41110E+05      0.00000E+00
      4.79250E-08      0.00000E+00      6.13680E+05      0.00000E+00
      4.82140E-08      0.00000E+00      5.71510E+05      0.00000E+00
      4.85060E-08      0.00000E+00      5.90280E+05      0.00000E+00
      4.89500E-08      0.00000E+00      5.54040E+05      0.00000E+00
      4.95500E-08      0.00000E+00      5.82080E+05      0.00000E+00
      5.01610E-08      0.00000E+00      5.77790E+05      0.00000E+00
      5.07840E-08      0.00000E+00      5.83050E+05      0.00000E+00
      5.17440E-08      0.00000E+00      5.56940E+05      0.00000E+00
      5.30610E-08      0.00000E+00      5.39040E+05      0.00000E+00
      5.44290E-08      0.00000E+00      5.39760E+05      0.00000E+00
      5.58510E-08      0.00000E+00      5.52610E+05      0.00000E+00
      5.73290E-08      0.00000E+00      5.25890E+05      0.00000E+00
      5.84710E-08      0.00000E+00      5.23220E+05      0.00000E+00
      5.92550E-08      0.00000E+00      5.21010E+05      0.00000E+00
      6.04670E-08      0.00000E+00      4.99020E+05      0.00000E+00
      6.21340E-08      0.00000E+00      5.02210E+05      0.00000E+00
      6.34230E-08      0.00000E+00      5.34970E+05      0.00000E+00
      6.43090E-08      0.00000E+00      5.22540E+05      0.00000E+00
      6.56810E-08      0.00000E+00      5.08010E+05      0.00000E+00
      6.70820E-08      0.00000E+00      4.82200E+05      0.00000E+00
      6.80460E-08      0.00000E+00      5.06790E+05      0.00000E+00
      6.95400E-08      0.00000E+00      4.98360E+05      0.00000E+00
      7.15980E-08      0.00000E+00      4.96080E+05      0.00000E+00
      7.37490E-08      0.00000E+00      5.00580E+05      0.00000E+00
      7.59990E-08      0.00000E+00      4.92980E+05      0.00000E+00
      7.83530E-08      0.00000E+00      4.73470E+05      0.00000E+00
      8.08180E-08      0.00000E+00      4.86630E+05      0.00000E+00
      8.27330E-08      0.00000E+00      4.81760E+05      0.00000E+00
      8.40550E-08      0.00000E+00      5.00730E+05      0.00000E+00
      8.61110E-08      0.00000E+00      4.82070E+05      0.00000E+00
      8.89550E-08      0.00000E+00      4.65650E+05      0.00000E+00
      9.19420E-08      0.00000E+00      4.74720E+05      0.00000E+00
      9.50820E-08      0.00000E+00      4.77570E+05      0.00000E+00
      9.83850E-08      0.00000E+00      4.76150E+05      0.00000E+00
      1.01860E-07      0.00000E+00      4.79090E+05      0.00000E+00
      1.05530E-07      0.00000E+00      4.68300E+05      0.00000E+00
      1.09400E-07      0.00000E+00      4.73200E+05      0.00000E+00
      1.13480E-07      0.00000E+00      4.91600E+05      0.00000E+00
      1.17800E-07      0.00000E+00      4.92340E+05      0.00000E+00
      1.22370E-07      0.00000E+00      4.94530E+05      0.00000E+00
      1.27210E-07      0.00000E+00      4.87980E+05      0.00000E+00
      1.32340E-07      0.00000E+00      4.97590E+05      0.00000E+00
      1.35670E-07      0.00000E+00      5.21870E+05      0.00000E+00
      1.37050E-07      0.00000E+00      4.66280E+05      0.00000E+00
      1.38460E-07      0.00000E+00      5.11030E+05      0.00000E+00
      1.39880E-07      0.00000E+00      5.26980E+05      0.00000E+00
      1.41330E-07      0.00000E+00      5.36970E+05      0.00000E+00
      1.42430E-07      0.00000E+00      5.45410E+05      0.00000E+00
      1.43170E-07      0.00000E+00      4.94120E+05      0.00000E+00
      1.43920E-07      0.00000E+00      5.16520E+05      0.00000E+00
      1.45820E-07      0.00000E+00      5.31340E+05      0.00000E+00
      1.48930E-07      0.00000E+00      5.31370E+05      0.00000E+00
      1.52130E-07      0.00000E+00      5.53970E+05      0.00000E+00
      1.55440E-07      0.00000E+00      5.69320E+05      0.00000E+00
      1.57990E-07      0.00000E+00      5.87670E+05      0.00000E+00
      1.59730E-07      0.00000E+00      6.24390E+05      0.00000E+00
      1.62400E-07      0.00000E+00      5.84530E+05      0.00000E+00
      1.66050E-07      0.00000E+00      6.07530E+05      0.00000E+00
      1.69830E-07      0.00000E+00      6.05220E+05      0.00000E+00
      1.73740E-07      0.00000E+00      6.21600E+05      0.00000E+00
      1.77790E-07      0.00000E+00      6.85830E+05      0.00000E+00
      1.81970E-07      0.00000E+00      6.85100E+05      0.00000E+00
      1.86310E-07      0.00000E+00      7.17650E+05      0.00000E+00
      1.89650E-07      0.00000E+00      7.50570E+05      0.00000E+00
      1.91940E-07      0.00000E+00      8.09670E+05      0.00000E+00
      1.95470E-07      0.00000E+00      7.81880E+05      0.00000E+00
      2.00300E-07      0.00000E+00      8.60590E+05      0.00000E+00
      2.05320E-07      0.00000E+00      8.79270E+05      0.00000E+00
      2.10520E-07      0.00000E+00      9.72530E+05      0.00000E+00
      2.15930E-07      0.00000E+00      1.03460E+06      0.00000E+00
      2.21540E-07      0.00000E+00      1.13810E+06      0.00000E+00
      2.25880E-07      0.00000E+00      1.16470E+06      0.00000E+00
      2.28850E-07      0.00000E+00      1.28360E+06      0.00000E+00
      2.31120E-07      0.00000E+00      1.26500E+06      0.00000E+00
      2.32650E-07      0.00000E+00      1.36310E+06      0.00000E+00
      2.34200E-07      0.00000E+00      1.38300E+06      0.00000E+00
      2.35760E-07      0.00000E+00      1.45800E+06      0.00000E+00
      2.39770E-07      0.00000E+00      1.54810E+06      0.00000E+00
      2.44660E-07      0.00000E+00      1.69940E+06      0.00000E+00
      2.48010E-07      0.00000E+00      1.78800E+06      0.00000E+00
      2.51440E-07      0.00000E+00      1.85430E+06      0.00000E+00
      2.54940E-07      0.00000E+00      1.97960E+06      0.00000E+00
      2.58510E-07      0.00000E+00      2.17990E+06      0.00000E+00
      2.62150E-07      0.00000E+00      2.27920E+06      0.00000E+00
      2.65880E-07      0.00000E+00      2.43480E+06      0.00000E+00
      2.69680E-07      0.00000E+00      2.61070E+06      0.00000E+00
      2.72580E-07      0.00000E+00      2.77430E+06      0.00000E+00
      2.74540E-07      0.00000E+00      2.89490E+06      0.00000E+00
      2.76530E-07      0.00000E+00      2.83210E+06      0.00000E+00
      2.78540E-07      0.00000E+00      3.06660E+06      0.00000E+00
      2.83690E-07      0.00000E+00      3.06980E+06      0.00000E+00
      2.92180E-07      0.00000E+00      3.26800E+06      0.00000E+00
      3.01040E-07      0.00000E+00      3.24470E+06      0.00000E+00
      3.10320E-07      0.00000E+00      3.03750E+06      0.00000E+00
      3.17520E-07      0.00000E+00      2.89710E+06      0.00000E+00
      3.22490E-07      0.00000E+00      2.57370E+06      0.00000E+00
      3.27580E-07      0.00000E+00      2.41220E+06      0.00000E+00
      3.32790E-07      0.00000E+00      2.25930E+06      0.00000E+00
      3.38120E-07      0.00000E+00      2.01900E+06      0.00000E+00
      3.43590E-07      0.00000E+00      1.82470E+06      0.00000E+00
      3.49180E-07      0.00000E+00      1.62160E+06      0.00000E+00
      3.54920E-07      0.00000E+00      1.49300E+06      0.00000E+00
      3.60790E-07      0.00000E+00      1.33190E+06      0.00000E+00
      3.66820E-07      0.00000E+00      1.14420E+06      0.00000E+00
      3.72990E-07      0.00000E+00      1.00850E+06      0.00000E+00
      3.79330E-07      0.00000E+00      9.03570E+05      0.00000E+00
      3.84170E-07      0.00000E+00      8.59030E+05      0.00000E+00
      3.87460E-07      0.00000E+00      7.89860E+05      0.00000E+00
      3.90790E-07      0.00000E+00      7.72690E+05      0.00000E+00
      3.94160E-07      0.00000E+00      6.85140E+05      0.00000E+00
      3.99320E-07      0.00000E+00      6.62470E+05      0.00000E+00
      4.06340E-07      0.00000E+00      5.85550E+05      0.00000E+00
      4.17300E-07      0.00000E+00      4.73110E+05      0.00000E+00
      4.28550E-07      0.00000E+00      4.32350E+05      0.00000E+00
      4.36350E-07      0.00000E+00      3.75660E+05      0.00000E+00
      4.48550E-07      0.00000E+00      3.35260E+05      0.00000E+00
      4.65520E-07      0.00000E+00      2.82410E+05      0.00000E+00
      4.78780E-07      0.00000E+00      2.61080E+05      0.00000E+00
      4.88010E-07      0.00000E+00      2.25760E+05      0.00000E+00
      5.02460E-07      0.00000E+00      2.10380E+05      0.00000E+00
      5.22610E-07      0.00000E+00      1.76180E+05      0.00000E+00
      5.43990E-07      0.00000E+00      1.45960E+05      0.00000E+00
      5.60760E-07      0.00000E+00      1.40810E+05      0.00000E+00
      5.72470E-07      0.00000E+00      1.17940E+05      0.00000E+00
      5.90880E-07      0.00000E+00      1.20050E+05      0.00000E+00
      6.16640E-07      0.00000E+00      1.03430E+05      0.00000E+00
      6.44110E-07      0.00000E+00      9.07480E+04      0.00000E+00
      6.73470E-07      0.00000E+00      7.46990E+04      0.00000E+00
      7.04870E-07      0.00000E+00      7.54820E+04      0.00000E+00
      7.38530E-07      0.00000E+00      6.71370E+04      0.00000E+00
      7.74660E-07      0.00000E+00      5.77100E+04      0.00000E+00
      8.13510E-07      0.00000E+00      5.28790E+04      0.00000E+00
      8.55350E-07      0.00000E+00      4.97410E+04      0.00000E+00
      9.00510E-07      0.00000E+00      4.65340E+04      0.00000E+00
      9.49340E-07      0.00000E+00      4.45720E+04      0.00000E+00
      1.00230E-06      0.00000E+00      3.79610E+04      0.00000E+00
      1.05970E-06      0.00000E+00      3.18930E+04      0.00000E+00
      1.12230E-06      0.00000E+00      3.11910E+04      0.00000E+00
      1.19050E-06      0.00000E+00      2.77710E+04      0.00000E+00
      1.23560E-06      0.00000E+00      2.50740E+04      0.00000E+00
      1.24740E-06      0.00000E+00      2.87570E+04      0.00000E+00
      1.25220E-06      0.00000E+00      2.63960E+04      0.00000E+00
      1.25700E-06      0.00000E+00      2.33660E+04      0.00000E+00
      1.26930E-06      0.00000E+00      2.89380E+04      0.00000E+00
      1.28910E-06      0.00000E+00      2.86900E+04      0.00000E+00
      1.30940E-06      0.00000E+00      3.02660E+04      0.00000E+00
      1.33030E-06      0.00000E+00      2.35030E+04      0.00000E+00
      1.35160E-06      0.00000E+00      2.28670E+04      0.00000E+00
      1.37340E-06      0.00000E+00      2.36970E+04      0.00000E+00
      1.39580E-06      0.00000E+00      2.45740E+04      0.00000E+00
      1.41870E-06      0.00000E+00      2.47880E+04      0.00000E+00
      1.44220E-06      0.00000E+00      2.16790E+04      0.00000E+00
      1.46620E-06      0.00000E+00      2.75620E+04      0.00000E+00
      1.49090E-06      0.00000E+00      2.52270E+04      0.00000E+00
      1.51620E-06      0.00000E+00      2.24620E+04      0.00000E+00
      1.54220E-06      0.00000E+00      2.51750E+04      0.00000E+00
      1.56880E-06      0.00000E+00      2.11180E+04      0.00000E+00
      1.59610E-06      0.00000E+00      1.73010E+04      0.00000E+00
      1.62420E-06      0.00000E+00      1.96670E+04      0.00000E+00
      1.65300E-06      0.00000E+00      2.20230E+04      0.00000E+00
      1.68250E-06      0.00000E+00      1.96610E+04      0.00000E+00
      1.71290E-06      0.00000E+00      1.63090E+04      0.00000E+00
      1.74410E-06      0.00000E+00      1.85080E+04      0.00000E+00
      1.77610E-06      0.00000E+00      1.87330E+04      0.00000E+00
      1.80910E-06      0.00000E+00      1.96160E+04      0.00000E+00
      1.84290E-06      0.00000E+00      2.15030E+04      0.00000E+00
      1.87780E-06      0.00000E+00      1.93090E+04      0.00000E+00
      1.91360E-06      0.00000E+00      1.57100E+04      0.00000E+00
      1.95040E-06      0.00000E+00      1.73730E+04      0.00000E+00
      1.98840E-06      0.00000E+00      1.53270E+04      0.00000E+00
      2.02740E-06      0.00000E+00      1.64900E+04      0.00000E+00
      2.06760E-06      0.00000E+00      1.66140E+04      0.00000E+00
      2.10910E-06      0.00000E+00      1.34850E+04      0.00000E+00
      2.15180E-06      0.00000E+00      1.55190E+04      0.00000E+00
      2.19570E-06      0.00000E+00      1.52850E+04      0.00000E+00
      2.22380E-06      0.00000E+00      1.76310E+04      0.00000E+00
      2.23520E-06      0.00000E+00      2.39050E+04      0.00000E+00
      2.24670E-06      0.00000E+00      1.51980E+04      0.00000E+00
      2.25830E-06      0.00000E+00      1.71990E+04      0.00000E+00
      2.28790E-06      0.00000E+00      1.22950E+04      0.00000E+00
      2.33610E-06      0.00000E+00      1.12340E+04      0.00000E+00
      2.38590E-06      0.00000E+00      1.28610E+04      0.00000E+00
      2.43730E-06      0.00000E+00      9.87800E+03      0.00000E+00
      2.49040E-06      0.00000E+00      1.12570E+04      0.00000E+00
      2.54520E-06      0.00000E+00      1.49210E+04      0.00000E+00
      2.60190E-06      0.00000E+00      1.62440E+04      0.00000E+00
      2.63810E-06      0.00000E+00      7.42000E+03      0.00000E+00
      2.65280E-06      0.00000E+00      8.07690E+03      0.00000E+00
      2.66770E-06      0.00000E+00      1.77580E+04      0.00000E+00
      2.68270E-06      0.00000E+00      1.45980E+04      0.00000E+00
      2.72110E-06      0.00000E+00      1.31760E+04      0.00000E+00
      2.78380E-06      0.00000E+00      9.69880E+03      0.00000E+00
      2.84860E-06      0.00000E+00      8.53440E+03      0.00000E+00
      2.89000E-06      0.00000E+00      1.45270E+04      0.00000E+00
      2.90700E-06      0.00000E+00      1.25580E+04      0.00000E+00
      2.92410E-06      0.00000E+00      8.53520E+03      0.00000E+00
      2.94130E-06      0.00000E+00      1.26820E+04      0.00000E+00
      2.98530E-06      0.00000E+00      9.97990E+03      0.00000E+00
      3.05740E-06      0.00000E+00      1.12950E+04      0.00000E+00
      3.13220E-06      0.00000E+00      1.20070E+04      0.00000E+00
      3.20970E-06      0.00000E+00      1.15640E+04      0.00000E+00
      3.29010E-06      0.00000E+00      1.03690E+04      0.00000E+00
      3.37350E-06      0.00000E+00      9.97980E+03      0.00000E+00
      3.46020E-06      0.00000E+00      7.09890E+03      0.00000E+00
      3.55030E-06      0.00000E+00      9.10540E+03      0.00000E+00
      3.64400E-06      0.00000E+00      8.39070E+03      0.00000E+00
      3.74130E-06      0.00000E+00      9.20830E+03      0.00000E+00
      3.84270E-06      0.00000E+00      8.90190E+03      0.00000E+00
      3.94820E-06      0.00000E+00      6.23060E+03      0.00000E+00
      4.05820E-06      0.00000E+00      7.41030E+03      0.00000E+00
      4.17280E-06      0.00000E+00      8.75850E+03      0.00000E+00
      4.29230E-06      0.00000E+00      7.47800E+03      0.00000E+00
      4.41700E-06      0.00000E+00      9.01090E+03      0.00000E+00
      4.54720E-06      0.00000E+00      7.30450E+03      0.00000E+00
      4.68330E-06      0.00000E+00      7.83770E+03      0.00000E+00
      4.78880E-06      0.00000E+00      1.10370E+04      0.00000E+00
      4.86160E-06      0.00000E+00      5.34160E+03      0.00000E+00
      4.97450E-06      0.00000E+00      7.12350E+03      0.00000E+00
      5.13040E-06      0.00000E+00      7.00580E+03      0.00000E+00
      5.29370E-06      0.00000E+00      8.14080E+03      0.00000E+00
      5.46490E-06      0.00000E+00      6.41640E+03      0.00000E+00
      5.57520E-06      0.00000E+00      7.32600E+03      0.00000E+00
      5.62060E-06      0.00000E+00      7.86880E+03      0.00000E+00
      5.66660E-06      0.00000E+00      1.03730E+04      0.00000E+00
      5.71320E-06      0.00000E+00      5.00800E+03      0.00000E+00
      5.83330E-06      0.00000E+00      7.07020E+03      0.00000E+00
      6.03160E-06      0.00000E+00      5.64880E+03      0.00000E+00
      6.24030E-06      0.00000E+00      6.13900E+03      0.00000E+00
      6.45990E-06      0.00000E+00      8.48420E+03      0.00000E+00
      6.69130E-06      0.00000E+00      7.86250E+03      0.00000E+00
      6.93540E-06      0.00000E+00      9.71340E+03      0.00000E+00
      7.19310E-06      0.00000E+00      1.28020E+04      0.00000E+00
      7.35970E-06      0.00000E+00      1.73150E+04      0.00000E+00
      7.42870E-06      0.00000E+00      2.59930E+04      0.00000E+00
      7.49870E-06      0.00000E+00      2.96560E+04      0.00000E+00
      7.56970E-06      0.00000E+00      4.69460E+04      0.00000E+00
      7.64160E-06      0.00000E+00      7.60960E+04      0.00000E+00
      7.71460E-06      0.00000E+00      1.50410E+05      0.00000E+00
      7.78870E-06      0.00000E+00      3.27040E+05      0.00000E+00
      7.86380E-06      0.00000E+00      5.93600E+05      0.00000E+00
      7.94010E-06      0.00000E+00      5.48880E+05      0.00000E+00
      8.01740E-06      0.00000E+00      3.00240E+05      0.00000E+00
      8.09590E-06      0.00000E+00      9.26960E+04      0.00000E+00
      8.17550E-06      0.00000E+00      3.39470E+04      0.00000E+00
      8.29760E-06      0.00000E+00      1.35440E+04      0.00000E+00
      8.46410E-06      0.00000E+00      5.89970E+03      0.00000E+00
      8.72550E-06      0.00000E+00      4.00040E+03      0.00000E+00
      9.09040E-06      0.00000E+00      4.42660E+03      0.00000E+00
      9.47860E-06      0.00000E+00      3.43880E+03      0.00000E+00
      9.89230E-06      0.00000E+00      8.48830E+03      0.00000E+00
      1.01610E-05      0.00000E+00      1.27530E+04      0.00000E+00
      1.02730E-05      0.00000E+00      1.84680E+04      0.00000E+00
      1.03870E-05      0.00000E+00      2.09650E+04      0.00000E+00
      1.05030E-05      0.00000E+00      3.66050E+04      0.00000E+00
      1.06210E-05      0.00000E+00      7.27450E+04      0.00000E+00
      1.07410E-05      0.00000E+00      1.51550E+05      0.00000E+00
      1.08630E-05      0.00000E+00      3.80390E+05      0.00000E+00
      1.09870E-05      0.00000E+00      7.27550E+05      0.00000E+00
      1.11130E-05      0.00000E+00      7.89680E+05      0.00000E+00
      1.12410E-05      0.00000E+00      5.01870E+05      0.00000E+00
      1.13710E-05      0.00000E+00      2.04500E+05      0.00000E+00
      1.15040E-05      0.00000E+00      1.24520E+05      0.00000E+00
      1.16390E-05      0.00000E+00      9.52060E+04      0.00000E+00
      1.17770E-05      0.00000E+00      1.26190E+05      0.00000E+00
      1.19160E-05      0.00000E+00      2.19920E+05      0.00000E+00
      1.20590E-05      0.00000E+00      2.77650E+05      0.00000E+00
      1.22040E-05      0.00000E+00      1.15340E+05      0.00000E+00
      1.23510E-05      0.00000E+00      1.29580E+04      0.00000E+00
      1.25020E-05      0.00000E+00      5.79970E+03      0.00000E+00
      1.26550E-05      0.00000E+00      6.27850E+03      0.00000E+00
      1.30560E-05      0.00000E+00      9.40960E+03      0.00000E+00
      1.34640E-05      0.00000E+00      1.37540E+04      0.00000E+00
      1.36350E-05      0.00000E+00      1.70400E+04      0.00000E+00
      1.38100E-05      0.00000E+00      2.13450E+04      0.00000E+00
      1.39880E-05      0.00000E+00      3.56950E+04      0.00000E+00
      1.41690E-05      0.00000E+00      7.65370E+04      0.00000E+00
      1.43540E-05      0.00000E+00      1.78080E+05      0.00000E+00
      1.45420E-05      0.00000E+00      2.39140E+05      0.00000E+00
      1.47340E-05      0.00000E+00      3.37710E+05      0.00000E+00
      1.49300E-05      0.00000E+00      4.13960E+05      0.00000E+00
      1.51300E-05      0.00000E+00      1.93590E+05      0.00000E+00
      1.53340E-05      0.00000E+00      8.43440E+04      0.00000E+00
      1.55420E-05      0.00000E+00      1.04620E+05      0.00000E+00
      1.57550E-05      0.00000E+00      9.71980E+04      0.00000E+00
      1.59720E-05      0.00000E+00      7.00100E+04      0.00000E+00
      1.61930E-05      0.00000E+00      3.82230E+04      0.00000E+00
      1.64190E-05      0.00000E+00      2.36680E+04      0.00000E+00
      1.66500E-05      0.00000E+00      1.88870E+04      0.00000E+00
      1.68850E-05      0.00000E+00      1.49560E+04      0.00000E+00
      1.71260E-05      0.00000E+00      1.80840E+04      0.00000E+00
      1.73720E-05      0.00000E+00      3.29110E+04      0.00000E+00
      1.76230E-05      0.00000E+00      1.37060E+05      0.00000E+00
      1.78790E-05      0.00000E+00      2.62340E+05      0.00000E+00
      1.81420E-05      0.00000E+00      1.31010E+05      0.00000E+00
      1.84100E-05      0.00000E+00      1.39540E+04      0.00000E+00
      1.88260E-05      0.00000E+00      3.73560E+03      0.00000E+00
      1.93990E-05      0.00000E+00      1.17490E+03      0.00000E+00
      2.03200E-05      0.00000E+00      1.19460E+03      0.00000E+00
